4167113
10508911
26257406
4234314
24298647
1295518
24844016
25779043
3816069
6872280
4935006
2328234
3711725
2264077
1896561
3737081
4219765
5355067
10833925
6974319
25698292
10604250
5954056
3442220
3595323
1958031
4907956
11614270
3406798
6730005
5679778
3194941
24867845
3765826
3034034
6013863
3430463
3195735
2170951
1400646
6412608
26334244
3018123
6758119
2342568
3057368
3092011
1291857
3012012
10748226
5912779
3718778
1292342
3442857
5908505
26334993
19962301
4849922
10529404
1482936
10545998
1778460
1778459
20515275
6872214
3176429
6041562
1292281
7015798
5679778
3194941
24867845
3765826
3034034
6013863
3430463
3195735
2170951
1400646
6412608
26334244
3018123
6758119
2342568
3057368
3092011
1291857
3012012
10748226
5912779
3718778
1292342
3442857
5908505
26334993
19962301
4849922
10529404
1482936
10545998
1778460
1778459
20515275
6872214
3176429
6041562
1292281
7015798
1292285
1300551
2240990
19955871
10741871
25785114
7015793
2111619
1418052
26276498
4271541
26276373
3380831
19962267
3040026
3140108
2123440
6724970
1870687
2283680
4097377
25955565
6527249
3008715
3839227
6113797
6435687
10527280
3443389
5208150
3092010
4836985
1778459
20515275
6872214
3176429
6041562
1292281
7015798
1292285
1300551
2240990
19955871
10741871
25785114
7015793
2111619
1418052
26276498
4271541
26276373
3380831
19962267
3040026
3140108
2123440
6724970
1870687
2283680
4097377
25955565
6527249
3008715
3839227
6113797
6435687
10527280
3443389
5208150
3092010
4836985
5981293
11510453
1305552
5423362
1441479
3054150
6395463
1752181
1765272
1297424
4122328
3397700
2121854
25792840
1299633
2265183
1428230
24695878
1768647
1329387
1470395
1827018
1471586
22559478
3394878
1926142
25833522
20398972
26582012
1464303
2975682
2223463
1778624
6435687
10527280
3443389
5208150
3092010
4836985
5981293
11510453
1305552
5423362
1441479
3054150
6395463
1752181
1765272
1297424
4122328
3397700
2121854
25792840
1299633
2265183
1428230
24695878
1768647
1329387
1470395
1827018
1471586
22559478
3394878
1926142
25833522
20398972
26582012
1464303
2975682
2223463
1778624
4739969
25978207
1847588
5197465
2042115
4783582
4074216
6780868
3002542
2982145
5969389
4766100
1304939
5326542
7062608
3660834
7056420
3987473
5265182
3757336
1777387
10604256
3183048
25785108
1303328
5985959
2029103
3309770
1305710
20285202
25890071
1294269
1294152
25833522
20398972
26582012
1464303
2975682
2223463
1778624
4739969
25978207
1847588
5197465
2042115
4783582
4074216
6780868
3002542
2982145
5969389
4766100
1304939
5326542
7062608
3660834
7056420
3987473
5265182
3757336
1777387
10604256
3183048
25785108
1303328
5985959
2029103
3309770
1305710
20285202
25890071
1294269
1294152
1401592
6146955
5387041
1761172
1794367
26336727
2237378
4073872
1419136
1293199
5382879
1307593
1850465
3268358
25763481
3203808
1418954
1419445
1793883
3054147
4194983
1460440
6851218
25732013
3011336
3572062
3773188
2134469
3732788
25880216
1458468
4883284
2029103
3309770
1305710
20285202
25890071
1294269
1294152
1401592
6146955
5387041
1761172
1794367
26336727
2237378
4073872
1419136
1293199
5382879
1307593
1850465
3268358
25763481
3203808
1418954
1419445
1793883
3054147
4194983
1460440
6851218
25732013
3011336
3572062
3773188
2134469
3732788
25880216
1458468
4883284
6801434
5372306
3233751
2266176
25898098
3569996
1294724
2158565
2000675
2212953
3920977
4843480
1474405
1401526
10793719
3742993
3287613
21356379
7015732
1310165
24851523
1899767
6873875
3103413
3325170
1937190
2305280
20254243
2143781
3162138
6791675
5158101
3163541
3773188
2134469
3732788
25880216
1458468
4883284
6801434
5372306
3233751
2266176
25898098
3569996
1294724
2158565
2000675
2212953
3920977
4843480
1474405
1401526
10793719
3742993
3287613
21356379
7015732
1310165
24851523
1899767
6873875
3103413
3325170
1937190
2305280
20254243
2143781
3162138
6791675
5158101
3163541
1369759
3326761
1301279
6961193
20000085
10521701
3095375
24704954
3882469
19962754
1297797
1306025
6528293
3820043
3021213
1471825
1485423
5211430
1422176
25945606
6536657
3724032
1419203
5353353
1369747
3564499
3047617
2028027
5356803
1473174
6788351
1297112
2305280
20254243
2143781
3162138
6791675
5158101
3163541
1369759
3326761
1301279
6961193
20000085
10521701
3095375
24704954
3882469
19962754
1297797
1306025
6528293
3820043
3021213
1471825
1485423
5211430
1422176
25945606
6536657
3724032
1419203
5353353
1369747
3564499
3047617
2028027
5356803
1473174
6788351
1297112
2132917
24312655
5151820
25849036
1850806
4738750
10485939
5423352
3629230
5401741
19962755
1298202
24740591
4911247
5969394
4241946
26276504
5959251
19962818
2034982
10756953
3054025
4312211
4007879
1437389
2070308
1900858
1296634
25733522
1424654
4160513
3124124
1863102
3047617
2028027
5356803
1473174
6788351
1297112
2132917
24312655
5151820
25849036
1850806
4738750
10485939
5423352
3629230
5401741
19962755
1298202
24740591
4911247
5969394
4241946
26276504
5959251
19962818
2034982
10756953
3054025
4312211
4007879
1437389
2070308
1900858
1296634
25733522
1424654
4160513
3124124
1863102
2267155
1292327
1306186
25894885
1292735
24532442
1578723
4319017
20415226
20415231
1329957
26279370
1887385
1401906
5948690
1870062
1848944
2268042
25868704
1309221
20268706
7065117
24751775
25865526
1464614
1309219
1462370
1417430
1308881
24878178
3778273
25824781
1900858
1296634
25733522
1424654
4160513
3124124
1863102
2267155
1292327
1306186
25894885
1292735
24532442
1578723
4319017
20415226
20415231
1329957
26279370
1887385
1401906
5948690
1870062
1848944
2268042
25868704
1309221
20268706
7065117
24751775
25865526
1464614
1309219
1462370
1417430
1308881
24878178
3778273
25824781
10743960
25747689
24379816
4783311
4741252
5407097
22853670
1440058
26303475
3724123
5250321
1305223
5380935
2376413
3443395
10561959
6961267
26418007
1761854
26059437
4102971
3206681
3806748
25850103
1957795
12009516
1945781
3888599
11613507
1864318
3724118
24743705
1758482
1462370
1417430
1308881
24878178
3778273
25824781
10743960
25747689
24379816
4783311
4741252
5407097
22853670
1440058
26303475
3724123
5250321
1305223
5380935
2376413
3443395
10561959
6961267
26418007
1761854
26059437
4102971
3206681
3806748
25850103
1957795
12009516
1945781
3888599
11613507
1864318
3724118
24743705
1758482
1401901
20426944
1419271
1806811
19962837
25745115
3918529
1401342
25698401
1419880
5199207
1307229
1418091
26287292
3089389
4057091
26685474
4300525
3073198
11538029
20270795
1422951
1309215
26279366
3410415
6041122
4262611
1417049
6536266
4043745
1825856
3193460
1945781
3888599
11613507
1864318
3724118
24743705
1758482
1401901
20426944
1419271
1806811
19962837
25745115
3918529
1401342
25698401
1419880
5199207
1307229
1418091
26287292
3089389
4057091
26685474
4300525
3073198
11538029
20270795
1422951
1309215
26279366
3410415
6041122
4262611
1417049
6536266
4043745
1825856
3193460
1419557
1464628
1959281
1433633
6885817
25780590
5385739
4707526
1421469
2284360
2077716
4741256
1416870
2417916
4959621
3778272
3767405
24891524
1941283
2969582
10438697
10508914
1329949
2132208
1418622
4824969
1419111
1292582
1417536
23431760
7015775
1429068
4228194
4262611
1417049
6536266
4043745
1825856
3193460
1419557
1464628
1959281
1433633
6885817
25780590
5385739
4707526
1421469
2284360
2077716
4741256
1416870
2417916
4959621
3778272
3767405
24891524
1941283
2969582
10438697
10508914
1329949
2132208
1418622
4824969
1419111
1292582
1417536
23431760
7015775
1429068
4228194
5374414
1299592
2265494
2996158
5969393
5343752
1416706
4924699
5969391
3167744
21247888
5924389
26356457
1297230
1429059
25890054
3724126
25853639
4840370
2016418
3537855
1291830
25788007
3115106
1761851
1858268
1308583
25775642
3619027
1302966
1296388
25882273
1419111
1292582
1417536
23431760
7015775
1429068
4228194
5374414
1299592
2265494
2996158
5969393
5343752
1416706
4924699
5969391
3167744
21247888
5924389
26356457
1297230
1429059
25890054
3724126
25853639
4840370
2016418
3537855
1291830
25788007
3115106
1761851
1858268
1308583
25775642
3619027
1302966
1296388
25882273
2141884
1304745
3162134
25810503
4091506
24844982
1439889
4191762
1864993
10813811
1421822
3056430
25905034
2133409
10439840
24752524
5385604
3749209
2283642
5969571
3107652
7015730
20451129
2347397
5342071
1438336
2078262
11528235
3012385
4821045
2002988
3118684
2132607
1308583
25775642
3619027
1302966
1296388
25882273
2141884
1304745
3162134
25810503
4091506
24844982
1439889
4191762
1864993
10813811
1421822
3056430
25905034
2133409
10439840
24752524
5385604
3749209
2283642
5969571
3107652
7015730
20451129
2347397
5342071
1438336
2078262
11528235
3012385
4821045
2002988
3118684
2132607
6284404
2285468
1308774
3011484
1461188
3347112
1309128
10571724
20513939
3055323
10455108
10467746
19976842
1903001
1395036
1439540
3892182
2383188
4020501
5969395
1440610
2408796
1401919
1299868
2973851
2363879
4127535
1293160
1761849
19962302
1950969
25806688
1775614
2078262
11528235
3012385
4821045
2002988
3118684
2132607
6284404
2285468
1308774
3011484
1461188
3347112
1309128
10571724
20513939
3055323
10455108
10467746
19976842
1903001
1395036
1439540
3892182
2383188
4020501
5969395
1440610
2408796
1401919
1299868
2973851
2363879
4127535
1293160
1761849
19962302
1950969
25806688
1775614
3011034
3360975
3113423
3585221
1418492
4195650
1461017
4317926
4259279
6110564
2154309
2133469
6780839
1358392
2265632
26276369
3168062
6876006
7015731
4826840
6719753
4831229
10527172
24883463
11606340
25845204
4032399
3266406
20415239
3314878
3011106
3727343
4127535
1293160
1761849
19962302
1950969
25806688
1775614
3011034
3360975
3113423
3585221
1418492
4195650
1461017
4317926
4259279
6110564
2154309
2133469
6780839
1358392
2265632
26276369
3168062
6876006
7015731
4826840
6719753
4831229
10527172
24883463
11606340
25845204
4032399
3266406
20415239
3314878
3011106
3727343
3066817
6601422
20453081
3724039
25794025
1864494
1304084
11603322
10757692
3402171
5401743
19897641
5969392
2133390
7015788
1866075
3291928
3004233
26323045
6041207
1304865
11601048
25878808
2978075
3768185
1291849
1759856
1421366
25972353
26248237
1437428
1416946
3017910
4032399
3266406
20415239
3314878
3011106
3727343
3066817
6601422
20453081
3724039
25794025
1864494
1304084
11603322
10757692
3402171
5401743
19897641
5969392
2133390
7015788
1866075
3291928
3004233
26323045
6041207
1304865
11601048
25878808
2978075
3768185
1291849
1759856
1421366
25972353
26248237
1437428
1416946
3017910
25802711
6781984
25716463
1304347
2042437
1308712
24743696
2230890
25884869
1304739
7163193
1433552
1308992
4214905
25917941
24705104
11500300
2265371
4270691
26641183
10462573
5247080
2238011
1479554
3011023
1422895
26289460
4099113
5980630
11593592
3440402
25834652
1759856
1421366
25972353
26248237
1437428
1416946
3017910
25802711
6781984
25716463
1304347
2042437
1308712
24743696
2230890
25884869
1304739
7163193
1433552
1308992
4214905
25917941
24705104
11500300
2265371
4270691
26641183
10462573
5247080
2238011
1479554
3011023
1422895
26289460
4099113
5980630
11593592
3440402
25834652
1304264
2347486
24529246
1870250
10549242
11606426
3810491
3148038
3016047
2062743
11630417
4111495
26276371
26276378
26291971
2128931
1308344
5287996
1309048
6875763
25899479
20426960
4720908
1901078
1296373
26604337
1441476
11541363
6889755