1296141
3541415
1889243
1900841
1292000
1397546
1307914
1477916
1422088
1780330
1297630
1865703
1293181
1292230
1295656
1306016
1292223
1292343
21318488
1578507
21360417
1291879
1300374
1305725
1306982
1292784
1416898
2084510
1299446
1298415
2334904
1297192
3011235
1417598
1300299
1292214
1292348
25917973
3660428
1301231
1292547
1293046
1305323
1304447
1304102
1308767
3073124
1292226
6537486
1298759
1306607
1292288
25955491
1297294
1297991
2027899
1427034
1303577
1293213
1389923
1427038
1303554
1305567
1300980
1301004
1292217
1299080
1293434
1292049
1302100
1310176
1307474
1300966
1303164
1300977
1401618
1294979
1297546
1303556
1421737
3011051
25807345
2028666
2369845
1296217
4066125
1300282
7059671
1292450
1292699
1293973
1293889
1302770
1299795
1300266
1300549
1303545
1763939
1295802
1295255
1421570
1309195
1307898
1299026
1768214
1421742
1306987
1293203
1308865
1298909
1295872
1293824
1291878
1294595
2216966
1308841
1295451
1400240
1301899
1304981
1306512
1293177
1301601
1299195
1301485
1401522
1298710
1292863
10455077
1422299
1427034
1303577
1293213
1389923
1427038
1303554
1305567
1300980
1301004
1292217
1299080
1293434
1292049
1302100
1310176
1307474
1300966
1303164
1300977
1401618
1294979
1297546
1303556
1421737
3011051
25807345
2028666
2369845
1296217
4066125
1300282
7059671
1292450
1292699
1293973
1293889
1302770
1299795
1300266
1300549
1303545
1763939
1295802
1295255
1421570
1309195
1307898
1299026
1768214
1421742
1306987
1293203
1308865
1298909
1295872
1293824
1291878
1294595
2216966
1308841
1295451
1400240
1301899
1304981
1306512
1293177
1301601
1299195
1301485
1401522
1298710
1292863
10455077
1422299
1506770
3011308
1950148
1309045
6536180
25932086
3397503
2361826
1689787
1310175
1298043
1303459
1878616
1292760
26419637
3095504
1296845
1295328
1293624
26575234
1306850
1299245
1309034
1293569
10455078
1421741
1292509
3530403
4206357
1305903
1301459
1298744
1433577
1292234
1297229
2464346
1419856
1296697
2377539
1301230
1432436
1295187
1297399
1296124
1296908
1292584
2061185
1506769
26304163
3445575
1476698
3992966
1303587
1427039
1947699
1506760
1421739
1294971
24719063
1308843
1292225
1400240
1301899
1304981
1306512
1293177
1301601
1299195
1301485
1401522
1298710
1292863
10455077
1422299
1506770
3011308
1950148
1309045
6536180
25932086
3397503
2361826
1689787
1310175
1298043
1303459
1878616
1292760
26419637
3095504
1296845
1295328
1293624
26575234
1306850
1299245
1309034
1293569
10455078
1421741
1292509
3530403
4206357
1305903
1301459
1298744
1433577
1292234
1297229
2464346
1419856
1296697
2377539
1301230
1432436
1295187
1297399
1296124
1296908
1292584
2061185
1506769
26304163
3445575
1476698
3992966
1303587
1427039
1947699
1506760
1421739
1294971
24719063
1308843
1292225
1303246
1474189
3592859
4179012
1293852
4074744
1298412
1305858
1295260
1306524
1962968
1294496
1294634
1900165
1292588
1301148
1467779
1433496
3387718
1309127
1294072
1296397
1297974
1958499
1292519
1297227
1296719
1302923
1300365
3426918
1418752
1767042
1972698
1299769
2275370
1307748
1292332
25727048
25766529
1299292
1483239
1905777
1306860
1416435
1422286
1300575
1304665
1304583
1441778
1419446
1299898
1295923
1304628
1484574
1304152
1302597
1478336
1298471
1729037
3426877
1427040
1506813
3445575
1476698
3992966
1303587
1427039
1947699
1506760
1421739
1294971
24719063
1308843
1292225
1303246
1474189
3592859
4179012
1293852
4074744
1298412
1305858
1295260
1306524
1962968
1294496
1294634
1900165
1292588
1301148
1467779
1433496
3387718
1309127
1294072
1296397
1297974
1958499
1292519
1297227
1296719
1302923
1300365
3426918
1418752
1767042
1972698
1299769
2275370
1307748
1292332
25727048
25766529
1299292
1483239
1905777
1306860
1416435
1422286
1300575
1304665
1304583
1441778
1419446
1299898
1295923
1304628
1484574
1304152
1302597
1478336
1298471
1729037
3426877
1427040
1506813
1303136
1779322
24743711
1885124
1300300
1768351
1947549
1296078
1297689
1296384
1796939
3819877
1773217
2968813
3078514
5155038
1296794
1461079
6889533
1293572
1863384
1462839
1303170
1304830
1316524
3862259
1299027
1295480
1307115
4106641
1293031
1304901
1298013
1297130
1776795
1307476
1421740
1765185
1768224
2033510
1292927
1768229
1468744
1449340
1308118
1292947
5422105
11510624
26311973
1308848
2028669
4176542
1291869
1467044
20278505
1309064
1922273
1437109
2350904
3075983
1305224
1419446
1299898
1295923
1304628
1484574
1304152
1302597
1478336
1298471
1729037
3426877
1427040
1506813
1303136
1779322
24743711
1885124
1300300
1768351
1947549
1296078
1297689
1296384
1796939
3819877
1773217
2968813
3078514
5155038
1296794
1461079
6889533
1293572
1863384
1462839
1303170
1304830
1316524
3862259
1299027
1295480
1307115
4106641
1293031
1304901
1298013
1297130
1776795
1307476
1421740
1765185
1768224
2033510
1292927
1768229
1468744
1449340
1308118
1292947
5422105
11510624
26311973
1308848
2028669
4176542
1291869
1467044
20278505
1309064
1922273
1437109
2350904
3075983
1305224
1949321
2054932
1297894
1309080
4111335
1887455
1297317
26140405
1297145
1297683
1858678
2002741
1297874
1438066
1421807
1299967
1305970
1300122
2223355
2131650
1293192
1292487
1304814
1293503
1768212
1447032
1444232
1493738
1294085
1506817
1768197
6517421
2998270
4051753
1466007
4160540
10598440
1309160
3804629
3120852
3878157
1302303
1300275
1432180
2255841
24858414
3217894
5353344
6869412
1310170
3263169
23712691
25755608
1293276
1293817
1297735
1308533
1303460
4151286
1307672
1303472
1858064
1308848
2028669
4176542
1291869
1467044
20278505
1309064
1922273
1437109
2350904
3075983
1305224
1949321
2054932
1297894
1309080
4111335
1887455
1297317
26140405
1297145
1297683
1858678
2002741
1297874
1438066
1421807
1299967
1305970
1300122
2223355
2131650
1293192
1292487
1304814
1293503
1768212
1447032
1444232
1493738
1294085
1506817
1768197
6517421
2998270
4051753
1466007
4160540
10598440
1309160
3804629
3120852
3878157
1302303
1300275
1432180
2255841
24858414
3217894
5353344
6869412
1310170
3263169
23712691
25755608
1293276
1293817
1297735
1308533
1303460
4151286
1307672
1303472
1858064
1305611
1294726
4130238
3790533
1293480
1293921
26304159
1303728
26304162
1293421
1422284
24324732
1296576
1292916
1849933
1917205
1768209
1303022
1421738
1768175
1506814
3143676
1895120
1307696
1764796
1306662
2122766
1294621
1308995
2144242
4896894
3418187
3126187
1298697
1295629
2002683
19961072
1892530
1301328
4901684
1300089
1306470
22299426
10466341
1306548
1301547
1304940
1438734
1296360
1295568
2330134
1299539
1293352
2310059
1295809
1741924
1306474
1304436
1307980
1304667
1294665
1310170
3263169
23712691
25755608
1293276
1293817
1297735
1308533
1303460
4151286
1307672
1303472
1858064
1305611
1294726
4130238
3790533
1293480
1293921
26304159
1303728
26304162
1293421
1422284
24324732
1296576
1292916
1849933
1917205
1768209
1303022
1421738
1768175
1506814
3143676
1895120
1307696
1764796
1306662
2122766
1294621
1308995
2144242
4896894
3418187
3126187
1298697
1295629
2002683
19961072
1892530
1301328
4901684
1300089
1306470
22299426
10466341
1306548
1301547
1304940
1438734
1296360
1295568
2330134
1299539
1293352
2310059
1295809
1741924
1306474
1304436
1307980
1304667
1294665
7014896
1293283
1293261
1306742
1293858
1297253
1433811
3082472
1293524
1303718
3228086
1292494
6799191
10763164
1307956
3041269
1306808
1299054
3610676
1309047
1939173
1305248
1307210
1422950
1296153
2301242
3731626
1741703
1307488
1308993
25863940
2028634
3531406
1771925
3141780
1307427
1300874
25892603
1298442
1303897
1301232
1304828
1786230
1293129
26301742
1787541
1293840
1307866
5327381
1305408
26304160
26304161
1294196
1299236
1295082
1974101
26591650
3205316
1293488
1293887
1293552
1306111
1295568
2330134
1299539
1293352
2310059
1295809
1741924
1306474
1304436
1307980
1304667
1294665
7014896
1293283
1293261
1306742
1293858
1297253
1433811
3082472
1293524
1303718
3228086
1292494
6799191
10763164
1307956
3041269
1306808
1299054
3610676
1309047
1939173
1305248
1307210
1422950
1296153
2301242
3731626
1741703
1307488
1308993
25863940
2028634
3531406
1771925
3141780
1307427
1300874
25892603
1298442
1303897
1301232
1304828
1786230
1293129
26301742
1787541
1293840
1307866
5327381
1305408
26304160
26304161
1294196
1299236
1295082
1974101
26591650
3205316
1293488
1293887
1293552
1306111
1329950
2153526
1781126
1927369
4817901
6053679
1308047
1294789
1451911
1308715
3011617
1292829
1892848
1298635
3006781
1438300
1422306
1437128
1461124
1296252
1777408
1298493
1917086
1304044
2136209
1297996
4238950
1292676
2210130
1793914
1422340
1304869
1293214
11226073
1293568
1798665
1889382
1292669
1890154
3099086
1949989
26304164
1301002
1296415
1437495
1400692
1947318
21941804
6872273
1607471
1309136
6738735
2264715
24695966
2326215
1482107
10796594
1419934
1308491
1905790
1419976
1305408
26304160
26304161
1294196
1299236
1295082
1974101
26591650
3205316
1293488
1293887
1293552
1306111
1329950
2153526
1781126
1927369
4817901
6053679
1308047
1294789
1451911
1308715
3011617
1292829
1892848
1298635
3006781
1438300
1422306
1437128
1461124
1296252
1777408
1298493
1917086
1304044
2136209
1297996
4238950
1292676
2210130
1793914
1422340
1304869
1293214
11226073
1293568
1798665
1889382
1292669
1890154
3099086
1949989
26304164
1301002
1296415
1437495
1400692
1947318
21941804
6872273
1607471
1309136
6738735
2264715
24695966
2326215
1482107
10796594
1419934
1308491
1905790
1419976
1300392
1417084
1433183
3001142
1295622
4146762
1298401
25909566
1298461
1304544
1293932
2382772
26301744
1304251
2146591
26302610
1394447
1432773
1296255
3138617
1307423
3155085
1296329
1295633
1295737
1436766
25920885
3150816
2052978
3614963
1309171
1305046
1301630
1780168
2133413
1309145
2030563
1292977
2422588
1292552
1293330
2028840
1293433
6060652
1293904
1532365
1299251
1299209
20273800
1451405
1304741
1304780
1790198
1302294
1304647
1294764
25920098
1297513
25773294
6558263
1302500
1293431
1607471
1309136
6738735
2264715
24695966
2326215
1482107
10796594
1419934
1308491
1905790
1419976
1300392
1417084
1433183
3001142
1295622
4146762
1298401
25909566
1298461
1304544
1293932
2382772
26301744
1304251
2146591
26302610
1394447
1432773
1296255
3138617
1307423
3155085
1296329
1295633
1295737
1436766
25920885
3150816
2052978
3614963
1309171
1305046
1301630
1780168
2133413
1309145
2030563
1292977
2422588
1292552
1293330
2028840
1293433
6060652
1293904
1532365
1299251
1299209
20273800
1451405
1304741
1304780
1790198
1302294
1304647
1294764
25920098
1297513
25773294
6558263
1302500
1293431
1353744
1304933
1308846
1299015
1304195
6041191
1436870
3822842
2282449
1455849
10562986
1905786
1949329
4821015
1986567
1309153
23416554
1298354
1484163
5316733
1468710
1301164
5032144
1306915
5150245
4099242
1306665
1471284
1296432
6731992
3152563
1759768
1293067
1304855
1292948
1434203
1304384
1293458
3148035
1301143
1471958
1308372
1304275
3829516
1302006
1296546
3895511
4822829
2042617
1302047
3011380
2057552
24839091
2127788
3041261
2974280
1300077
1305324
5258036
2359497
2075345
1451405
1304741
1304780
1790198
1302294
1304647
1294764
25920098
1297513
25773294
6558263
1302500
1293431
1353744
1304933
1308846
1299015
1304195
6041191
1436870
3822842
2282449
1455849
10562986
1905786
1949329
4821015
1986567
1309153
23416554
1298354
1484163
5316733
1468710
1301164
5032144
1306915
5150245
4099242
1306665
1471284
1296432
6731992
3152563
1759768
1293067
1304855
1292948
1434203
1304384
1293458
3148035
1301143
1471958
1308372
1304275
3829516
1302006
1296546
3895511
4822829
2042617
1302047
3011380
2057552
24839091
2127788
3041261
2974280
1300077
1305324
5258036
2359497
2075345
5908473
3218765
1304766
1921991
1309118
3436905
6087768
1308704
1307669
1463357
1438302
3036472
1796729
1304523
2173673
1293570
1293244
1951186
4225584
1304364
1296818
24751826
3818950
1292743
3001077
1305306
1456197
2054070
1296535
1950192
1777570
21977761
26304268
1298041
1301711
4728518
1294732
1301119
1788094
1920907
1297773
1301367
10777783
1946607
6082346
1440685
2299659
4751198
1305074
1298876
1892526
1299284
3721152
1767888
1294197
1306528
1306602
1299549
1304880
1308756
6558261
1296039
1302047
3011380
2057552
24839091
2127788
3041261
2974280
1300077
1305324
5258036
2359497
2075345
5908473
3218765
1304766
1921991
1309118
3436905
6087768
1308704
1307669
1463357
1438302
3036472
1796729
1304523
2173673
1293570
1293244
1951186
4225584
1304364
1296818
24751826
3818950
1292743
3001077
1305306
1456197
2054070
1296535
1950192
1777570
21977761
26304268
1298041
1301711
4728518
1294732
1301119
1788094
1920907
1297773
1301367
10777783
1946607
6082346
1440685
2299659
4751198
1305074
1298876
1892526
1299284
3721152
1767888
1294197
1306528
1306602
1299549
1304880
1308756
6558261
1296039
1338056
5298766
1296012
1477533
4190211
5996801
4942776
4133988
2354729
1297659
2133422
1307807
2976072
1291823
3094580
5288887
3105162
2124507
3097525
3914547
3731463
1309222
1308754
5327216
6124043
2363942
1297336
3038900
1293903
1304538
24877502
1292665
1307716
1297010
1482091
1293920
3025840
1293311
3566747
1784747
1308219
1695241
1459786
11591789
1307226
1296544
1840881
4906427
6991110
1578669
2263112
1946877
6793319
1754927
1578643
1298328
2027933
4910183
1916995
3193964
3992384
1298876
1892526
1299284
3721152
1767888
1294197
1306528
1306602
1299549
1304880
1308756
6558261
1296039
1338056
5298766
1296012
1477533
4190211
5996801
4942776
4133988
2354729
1297659
2133422
1307807
2976072
1291823
3094580
5288887
3105162
2124507
3097525
3914547
3731463
1309222
1308754
5327216
6124043
2363942
1297336
3038900
1293903
1304538
24877502
1292665
1307716
1297010
1482091
1293920
3025840
1293311
3566747
1784747
1308219
1695241
1459786
11591789
1307226
1296544
1840881
4906427
6991110
1578669
2263112
1946877
6793319
1754927
1578643
1298328
2027933
4910183
1916995
3193964
3992384
1302762
2988506
1864491
5384590
1819888
2373638
5351755
4813645
4129619
10744976
1826749
4884122
26279229
1297500
2000830
1304545
1830411
4236014
2041864
20426973
3818949
1426886
1297707
3011996
3018065
6080091
1440025
1304287
1304288
1301284
25773175
3412830
4724373
3268171
5503303
3011550
3150346
1295831
10555085
4846693
1299495
2170915
1778999
1482102
1309032
3279054
24325815
1297576
3148956
1883406
1299586
1293143
1293956
26061902
3804790
1304525
10471540
1982073
3586721
3210963
1292505
2134823
1578669
2263112
1946877
6793319
1754927
1578643
1298328
2027933
4910183
1916995
3193964
3992384
1302762
2988506
1864491
5384590
1819888
2373638
5351755
4813645
4129619
10744976
1826749
4884122
26279229
1297500
2000830
1304545
1830411
4236014
2041864
20426973
3818949
1426886
1297707
3011996
3018065
6080091
1440025
1304287
1304288
1301284
25773175
3412830
4724373
3268171
5503303
3011550
3150346
1295831
10555085
4846693
1299495
2170915
1778999
1482102
1309032
3279054
24325815
1297576
3148956
1883406
1299586
1293143
1293956
26061902
3804790
1304525
10471540
1982073
3586721
3210963
1292505
2134823
3396528
1306942
1777665
1292910
1793121
2156696
1304342
6147215
1299526
1302385
2357708
1861411
2213119
1292779
25870483
3346995
3217142
1293133
3818565
1870801
2032459
24973419
25721544
12012475
1305419
6402121
2364838
4291261
1295955
3240436
1307926
3875184
1304553
3735925
1304551
1292556
1293495
1915371
1578712
1302300
24752277
6878446
10726941
1308746
1431755
23424586
2032341
7161695
1308792
2988509
4853478
1308040
1419981
4312245
1439177
2132466
2018254
7046937
1385566
1293268
1295572
1883406
1299586
1293143
1293956
26061902
3804790
1304525
10471540
1982073
3586721
3210963
1292505
2134823
3396528
1306942
1777665
1292910
1793121
2156696
1304342
6147215
1299526
1302385
2357708
1861411
2213119
1292779
25870483
3346995
3217142
1293133
3818565
1870801
2032459
24973419
25721544
12012475
1305419
6402121
2364838
4291261
1295955
3240436
1307926
3875184
1304553
3735925
1304551
1292556
1293495
1915371
1578712
1302300
24752277
6878446
10726941
1308746
1431755
23424586
2032341
7161695
1308792
2988509
4853478
1308040
1419981
4312245
1439177
2132466
2018254
7046937
1385566
1293268
1295572
3011097
1295531
1484138
24748823
2002813
5268672
1308780
1858259
21965529
3292134
3619835
1401138
1293521
1293519
10441034
1304432
26313973
26289126
10600271
6811422
3156117
2002954
3148064
1892147
10508879
4023433
1304554
25944282
3287578
1308761
2230654
1507144
2049989
2056856
10485481
3017555
1307660
1307644
26005643
1891052
4901702
1440622
1480007
1309150
1306445
3733637
1951063
1294543
20515977
25742299
2124708
2073674
2998395
1401966
1292836
1302638
10449606
1479110
1388177
1437037
10755171
2059125
2988509
4853478
1308040
1419981
4312245
1439177
2132466
2018254
7046937
1385566
1293268
1295572
3011097
1295531
1484138
24748823
2002813
5268672
1308780
1858259
21965529
3292134
3619835
1401138
1293521
1293519
10441034
1304432
26313973
26289126
10600271
6811422
3156117
2002954
3148064
1892147
10508879
4023433
1304554
25944282
3287578
1308761
2230654
1507144
2049989
2056856
10485481
3017555
1307660
1307644
26005643
1891052
4901702
1440622
1480007
1309150
1306445
3733637
1951063
1294543
20515977
25742299
2124708
2073674
2998395
1401966
1292836
1302638
10449606
1479110
1388177
1437037
10755171
2059125
21941106
20395150
6519403
1309023
1309009
1418331
2268357
10546665
3808643
6873800
1867398
24987018
2352630
6431054
25715087
1306670
2024935
1309110
1482354
2977365
1945083
3026006
2259761
1938951
1299329
1295532
10604087
4894075
25742242
21354060
3737117
2298926
2252771
2999489
1305418
2051750
3162377
1999216
20256487
1474302
3034755
1419978
4099520
1866061
2154783
6886465
4091053
1300928
1306214
1437107
1793921
1306507
1419019
6875601
1296188
4118060
1418270
4308001
1305655
10755697
25806476
25742299
2124708
2073674
2998395
1401966
1292836
1302638
10449606
1479110
1388177
1437037
10755171
2059125
21941106
20395150
6519403
1309023
1309009
1418331
2268357
10546665
3808643
6873800
1867398
24987018
2352630
6431054
25715087
1306670
2024935
1309110
1482354
2977365
1945083
3026006
2259761
1938951
1299329
1295532
10604087
4894075
25742242
21354060
3737117
2298926
2252771
2999489
1305418
2051750
3162377
1999216
20256487
1474302
3034755
1419978
4099520
1866061
2154783
6886465
4091053
1300928
1306214
1437107
1793921
1306507
1419019
6875601
1296188
4118060
1418270
4308001
1305655
10755697
25806476
2136652
7046520
1439888
3750513
3334485
1984741
3426896
2980265
1877818
1507141
1830192
6984070
1428108
1441473
4708013
5327201
11638862
1293382
4841184
4082744
3077768
2117898
6722888
2117922
3011052
3072156
1433358
25760615
26306671
1962267
5413822
3789921
25804697
4067223
4132521
5163094
1826163
11589786
4707596
25746414
1944900
1485255
5413785
25786057
25984795
1499153
3722719
5954505
10617163
4914627
10514806
2134543
2076456
3195895
1448701
3068563
4861402
20505003
6124012
20513061
25713336
6804364
1437107
1793921
1306507
1419019
6875601
1296188
4118060
1418270
4308001
1305655
10755697
25806476
2136652
7046520
1439888
3750513
3334485
1984741
3426896
2980265
1877818
1507141
1830192
6984070
1428108
1441473
4708013
5327201
11638862
1293382
4841184
4082744
3077768
2117898
6722888
2117922
3011052
3072156
1433358
25760615
26306671
1962267
5413822
3789921
25804697
4067223
4132521
5163094
1826163
11589786
4707596
25746414
1944900
1485255
5413785
25786057
25984795
1499153
3722719
5954505
10617163
4914627
10514806
2134543
2076456
3195895
1448701
3068563
4861402
20505003
6124012
20513061
25713336
6804364
7055675
24298770
3291933
1917577
10617168
24752702
2137483
11636413
3017832
3015840
26108432
2042936
10604892
3189969
6424183
2230926
5415664
25746423
10604893
25778483
10549223
26309968
10758223
3291752
26607739
26348798
3240844
22994771
26285780
25849599
11595220
25743807
26328118
11226120
26101065
25767564
7005155
26603758
26263437
6110563
4903581
11623346
26005517
10573439
20497559
24859034
10432916
25778488
11606343
25870074
25962762
4707585
21618782
25869868
24530939
19962668
24751834
5152934
24872197
6536267
25719521
4914627
10514806
2134543
2076456
3195895
1448701
3068563
4861402
20505003
6124012
20513061
25713336
6804364
7055675
24298770
3291933
1917577
10617168
24752702
2137483
11636413
3017832
3015840
26108432
2042936
10604892
3189969
6424183
2230926
5415664
25746423
10604893
25778483
10549223
26309968
10758223
3291752
26607739
26348798
3240844
22994771
26285780
25849599
11595220
25743807
26328118
11226120
26101065
25767564
7005155
26603758
26263437
6110563
4903581
11623346
26005517
10573439
20497559
24859034
10432916
25778488
11606343
25870074
25962762
4707585
21618782
25869868
24530939
19962668
24751834
5152934
24872197
6536267
25719521
5951224
6844887
20472818
10748193
10569133
6013868
10773447
25862407
2035125
26312979
7053739
20427364
10539139
6080748
25852270
25798808
20513060
11500880
5364987
6861573
26384363
25828701
26470514
21339648
26344993
26345722
23012028
26087446
20278573
26686170
25982512
19928967
10793499
24381046
24718898
24695967
25756355
10543682
6753096
20380318
20280082
24707368
21264290
25815841
25910152
24873412
6886470
10599835
5992886
11445635
25864171
10478675
25856457
11632596
25969095