5450891
1292722
1296542
1789047
1292890
1298917
1308779
1293013
1299904
1303587
1820156
1945330
1298917
1308779
1293013
1299904
1303587
1820156
1945330
10432911
3005875
1292769
2252773
1588945
5323968
1945330
10432911
3005875
1292769
2252773
1588945
5323968
3011459
1294941
10484601
1301419
1298056
1588945
5323968
3011459
1294941
10484601
1301419
1298056
10598440
4832825
1293815
1507158
3596502
10746175
1298056
10598440
4832825
1293815
1507158
3596502
10746175
2144242
1478064
5968834
1765031
20443013
3596502
10746175
2144242
1478064
5968834
1765031
20443013
1293515
2028634
3071441
6011805
2132473
6390832
20443013
1293515
2028634
3071441
6011805
2132473
6390832
1292454
25786077
1763134
1306421
1292680
2132473
6390832
1292454
25786077
1763134
1306421
1292680
1292834
1293131
10755584
1295292
1849371
20497633
1292680
1292834
1293131
10755584
1295292
1849371
20497633
1296027
10763157
7065187
2133368
1292590
1849371
20497633
1296027
10763157
7065187
2133368
1292590
1473795
2364074
5298766
2337716
3742937
2354729
1292590
1473795
2364074
5298766
2337716
3742937
2354729
25956520
1300830
1478063
1304740
6839145
3742937
2354729
25956520
1300830
1478063
1304740
6839145
2063914
1309044
4301043
1788431
4846693
2225784
6839145
2063914
1309044
4301043
1788431
4846693
2225784
1308784
2983135
3781133
3285088
1296874
4846693
2225784
1308784
2983135
3781133
3285088
1296874
3078403
1482080
2130011
3041264
2083735
2073674
1296874
3078403
1482080
2130011
3041264
2083735
2073674
1304798
5173856
2045848
2225321
6959152
2083735
2073674
1304798
5173856
2045848
2225321
6959152
6873268
5173651
2297877
19976260
3735015
3148966
6959152
6873268
5173651
2297877
19976260
3735015
3148966
2995728
10810268
10527288
5320222
3160325
3735015
3148966
2995728
10810268
10527288
5320222
3160325
20431606
2979528
3011606
4919019
5323911
3266407
3160325
20431606
2979528
3011606
4919019
5323911
3266407
6558248
25715111
25835196
25958914