1292063
1292720
1291546
5450891
2131459
1291831
1300267
1293908
1293749
3793023
1292722
1292213
1291828
1294371
1422091
5908478
1769507
1299628
1295614
3319755
1293839
1299398
3072124
1294408
1293460
1297880
1298817
1294781
1303913
1460341
1292778
1428236
1292220
1308807
1297052
1295865
1292434
5989818
1293964
1300960
26393561
1294570
1296542
1295753
1361252
1416895
1388180
2240587
1293266
1292981
1300352
1307067
1303388
1300375
1296659
1296067
1292215
1292370
1485260
1305164
1292679
1296339
1291990
1937946
1303037
10808442
10484041
1291852
1303001
1307306
3443074
1302205
1394218
1298468
1292994
1299481
1296147
1293146
1295467
1300956
1298870
1299166
1296282
1302789
1291999
1292274
10577869
1296753
3726072
1301617
1301106
1292047
1304942
1421278
1295684
1293456
1389924
1323746
1308366
1293236
1292472
2375792
1946786
1297585
1295287
1293695
3742981
1298250
1293273
1296936
2209573
1292401
1418834
1309163
2043546
1292328
1297447
6860160
1305690
6874403
1293929
1304056
1291588
1292048
1291840
1300613
3169043
4798707
1292529
10757577
1296987
1302642
1297294
1302235
1395080
1292504
1297644
1295742
1297311
1299923
1292338
1773216
1308314
1296636
1389949
1306454
1297007
1303066
1302077
1299802
1441191
1438584
3732861
1950233
1309099
1306960
1427038
1301725
6753077
1418200
2213597
2053515
1291853
1308777
1844413
6097775
1307394
1292049
1292330
1353745
1294991
1299582
1307474
10756537
10355329
1293105
1293320
1297606
1772560
1300977
1294092
1293299
1298385
1464349
1305615
1308436
1297546
1438425
1294297
1789047
1293529
4739952
1306249
1308575
1302425
2365260
1291557
6722879
1783772
1297102
1291838
10535568
10733376
1291877
4066125
7059671
1301912
1293050
1293414
1292950
3586725
1293973
1299795
1291564
1304304
1291569
1766827
1293077
1428291
1306769
1296284
1294140
1293004
1465819
1305388
5279979
1422912
1301689
1309012
1292466
1305086
1303071
1308787
1298871
1291865
1416902
1760626
1303061
2150085
1309195
1303561
1293608
1298497
1818751
1299433
2033187
1294746
1296264
1424219
1438081
1754812
1300143
1307425
1296482
4920528
1308817
1304073
1920805
1293203
1299288
1441238
1291842
1297995
5360889
1292289
1299193
2076181
1303376
1293120
1292279
1301465
1296334
1295815
2251569
20441632
1307679
1291863
1294595
6874403
1293929
1304056
1291588
1292048
1291840
1300613
3169043
4798707
1292529
10757577
1296987
1302642
1297294
1302235
1395080
1292504
1297644
1295742
1297311
1299923
1292338
1773216
1308314
1296636
1389949
1306454
1297007
1303066
1302077
1299802
1441191
1438584
3732861
1950233
1309099
1306960
1427038
1301725
6753077
1418200
2213597
2053515
1291853
1308777
1844413
6097775
1307394
1292049
1292330
1353745
1294991
1299582
1307474
10756537
10355329
1293105
1293320
1297606
1772560
1300977
1294092
1293299
1298385
1464349
1305615
1308436
1297546
1438425
1294297
1789047
1293529
4739952
1306249
1308575
1302425
2365260
1291557
6722879
1783772
1297102
1291838
10535568
10733376
1291877
4066125
7059671
1301912
1293050
1293414
1292950
3586725
1293973
1299795
1291564
1304304
1291569
1766827
1293077
1428291
1306769
1296284
1294140
1293004
1465819
1305388
5279979
1422912
1301689
1309012
1292466
1305086
1303071
1308787
1298871
1291865
1416902
1760626
1303061
2150085
1309195
1303561
1293608
1298497
1818751
1299433
2033187
1294746
1296264
1424219
1438081
1754812
1300143
1307425
1296482
4920528
1308817
1304073
1920805
1293203
1299288
1441238
1291842
1297995
5360889
1292289
1299193
2076181
1303376
1293120
1292279
1301465
1296334
1295815
2251569
20441632
1307679
1291863
1294595
1296821
1308841
1294300
1302868
20389706
1433156
1308010
1300075
1400240
1300426
1301899
1293864
1294911
1292533
1307687
1301392
1294039
1459148
1947282
1308965
1302675
1433702
1299777
1299663
1794073
1292278
3069363
1301616
1294100
1293168
26184109
1776964
1305095
1466403
1919626
1299629
1292885
1295068
1297476
1293525
1416877
1302167
1401521
1303495
3824672
1309060
4319218
1308741
1950148
1920796
1325958
1863766
1292371
1915403
1293377
3792508
1291859
1418640
3397503
1292792
1297233
1301886
1300528
1301582
1303053
1291559
1307052
1294461
3071604
1292396
1304648
1293596
1940094
1293466
1850797
1296246
3007809
1297769
2361266
2971730
1292468
1301895
1295324
1469111
1293191
1293285
1303340
1293341
1420010
1294387
1298331
1292764
1309161
1299204
1295416
3004931
1293632
1309005
1298134
1293489
1294103
1300951
1293094
1401269
1301678
1297428
1300202
1401920
1788622
1292663
1301480
1303534
1301122
1304527
1303638
1299851
1298683
1295134
1295320
1361277
1298289
1306850
1293623
1294516
4305436
3072086
1292286
1433360
1298128
1292212
1308833
1307332
1300143
1307425
1296482
4920528
1308817
1304073
1920805
1293203
1299288
1441238
1291842
1297995
5360889
1292289
1299193
2076181
1303376
1293120
1292279
1301465
1296334
1295815
2251569
20441632
1307679
1291863
1294595
1296821
1308841
1294300
1302868
20389706
1433156
1308010
1300075
1400240
1300426
1301899
1293864
1294911
1292533
1307687
1301392
1294039
1459148
1947282
1308965
1302675
1433702
1299777
1299663
1794073
1292278
3069363
1301616
1294100
1293168
26184109
1776964
1305095
1466403
1919626
1299629
1292885
1295068
1297476
1293525
1416877
1302167
1401521
1303495
3824672
1309060
4319218
1308741
1950148
1920796
1325958
1863766
1292371
1915403
1293377
3792508
1291859
1418640
3397503
1292792
1297233
1301886
1300528
1301582
1303053
1291559
1307052
1294461
3071604
1292396
1304648
1293596
1940094
1293466
1850797
1296246
3007809
1297769
2361266
2971730
1292468
1301895
1295324
1469111
1293191
1293285
1303340
1293341
1420010
1294387
1298331
1292764
1309161
1299204
1295416
3004931
1293632
1309005
1298134
1293489
1294103
1300951
1293094
1401269
1301678
1297428
1300202
1401920
1788622
1292663
1301480
1303534
1301122
1304527
1303638
1299851
1298683
1295134
1295320
1361277
1298289
1306850
1293623
1294516
4305436
3072086
1292286
1433360
1298128
1292212
1308833
1307332
24815950
1301890
1291868
1292229
1433577
1440703
1293818
1300064
2976111
1298112
1292234
1297756
1323749
1297965
1340517
1299513
2338019
5968334
1297643
6024430
1291872
1293917
1293098
1432436
1472510
1294768
3005365
1307263
1298522
1422992
1295187
1308890
1303987
25837574
2042178
1307724
1767197
1422927
1306605
1805685
1300306
1294345
1301718
1299231
1293170
1418157
1294287
1304516
1293776
1306890
1297716
1300067
1292485
1301717
1438247
1293301
1300366
1298494
1304985
1482072
1828115
26366465
1309172
1298038
2132495
3077791
1308804
1293531
1308076
1292271
2037012
1304641
1293825
1945549
1296778
2361823
1306526
1299362
4022090
1303590
1872133
2297275
1304826
1306471
1295374
3059036
20426995
1291833
1297710
1394424
3586471
1783462
1966460
1297110
3718273
1304374
1306465
1304613
3645150
1301679
1308498
1309162
1293603
1293212
1303482
1293179
25823035
1482316
1292521
1962968
1294496
3212318
1300953
1451563
1292467
6745433
1297737
1293293
1308038
1294364
20388680
1301646
1297228
1308208
1293849
1295221
2287150
1297344
1294915
1301148
2081429
1297428
1300202
1401920
1788622
1292663
1301480
1303534
1301122
1304527
1303638
1299851
1298683
1295134
1295320
1361277
1298289
1306850
1293623
1294516
4305436
3072086
1292286
1433360
1298128
1292212
1308833
1307332
24815950
1301890
1291868
1292229
1433577
1440703
1293818
1300064
2976111
1298112
1292234
1297756
1323749
1297965
1340517
1299513
2338019
5968334
1297643
6024430
1291872
1293917
1293098
1432436
1472510
1294768
3005365
1307263
1298522
1422992
1295187
1308890
1303987
25837574
2042178
1307724
1767197
1422927
1306605
1805685
1300306
1294345
1301718
1299231
1293170
1418157
1294287
1304516
1293776
1306890
1297716
1300067
1292485
1301717
1438247
1293301
1300366
1298494
1304985
1482072
1828115
26366465
1309172
1298038
2132495
3077791
1308804
1293531
1308076
1292271
2037012
1304641
1293825
1945549
1296778
2361823
1306526
1299362
4022090
1303590
1872133
2297275
1304826
1306471
1295374
3059036
20426995
1291833
1297710
1394424
3586471
1783462
1966460
1297110
3718273
1304374
1306465
1304613
3645150
1301679
1308498
1309162
1293603
1293212
1303482
1293179
25823035
1482316
1292521
1962968
1294496
3212318
1300953
1451563
1292467
6745433
1297737
1293293
1308038
1294364
20388680
1301646
1297228
1308208
1293849
1295221
2287150
1297344
1294915
1301148
2081429
1309106
1298095
2144258
1299536
1298197
1301576
1301685
1309026
1432822
1297550
1300636
1303936
1294248
1293688
1293347
1294072
1401206
1293549
1293424
3602096
1395547
4191644
1981242
1297570
1302987
3094909
1308974
1293124
1307014
1299661
6791750
1293555
1291856
3036464
1294007
6844868
1300945
1459368
22733673
1299769
1922152
1787277
1310159
2070367
1292780
1293926
1291553
1300802
1296824
3269018
2004613
1307755
4109909
3007825
1300186
4117302
1307514
1759371
10833919
1293868
1300766
1422922
1918027
1945797
6531219
1306588
2002744
1297000
1293778
1298528
1483808
4838667
1293647
1302662
1298616
1297147
1292701
1293232
25919385
25840484
2043154
1300919
1299800
1292557
1299913
1418570
24706561
1963131
1293485
2081871
1437857
1299432
3329731
1433557
1305964
1293726
1962316
1820098
1295913
1300106
1462178
1294244
6129692
1291874
2004813
1293811
1293163
1300021
1484574
1291862
1297422
1301464
10727678
1307746
1867066
1304974
1358420
1293509
2161696
3364223
1885124
21352814
1309043
3230459
1301168
1291835
1498831
2334814
2082013
1474180
1300069
1829230
1293179
25823035
1482316
1292521
1962968
1294496
3212318
1300953
1451563
1292467
6745433
1297737
1293293
1308038
1294364
20388680
1301646
1297228
1308208
1293849
1295221
2287150
1297344
1294915
1301148
2081429
1309106
1298095
2144258
1299536
1298197
1301576
1301685
1309026
1432822
1297550
1300636
1303936
1294248
1293688
1293347
1294072
1401206
1293549
1293424
3602096
1395547
4191644
1981242
1297570
1302987
3094909
1308974
1293124
1307014
1299661
6791750
1293555
1291856
3036464
1294007
6844868
1300945
1459368
22733673
1299769
1922152
1787277
1310159
2070367
1292780
1293926
1291553
1300802
1296824
3269018
2004613
1307755
4109909
3007825
1300186
4117302
1307514
1759371
10833919
1293868
1300766
1422922
1918027
1945797
6531219
1306588
2002744
1297000
1293778
1298528
1483808
4838667
1293647
1302662
1298616
1297147
1292701
1293232
25919385
25840484
2043154
1300919
1299800
1292557
1299913
1418570
24706561
1963131
1293485
2081871
1437857
1299432
3329731
1433557
1305964
1293726
1962316
1820098
1295913
1300106
1462178
1294244
6129692
1291874
2004813
1293811
1293163
1300021
1484574
1291862
1297422
1301464
10727678
1307746
1867066
1304974
1358420
1293509
2161696
3364223
1885124
21352814
1309043
3230459
1301168
1291835
1498831
2334814
2082013
1474180
1300069
1829230
1291836
4903613
3805946
2974278
3321409
1296629
1291558
1293475
1293765
1303010
1296992
1301757
5919538
1305182
1309192
2968813
3392569
2072848
1292550
1296769
1302455
3149087
1929461
1296359
3000078
2034997
1296223
1297598
6755346
1302050
1443650
1301342
3504940
1292277
3144512
1295899
1299809
1482101
1293643
1864990
1308660
1302457
3226150
1918208
1433417
1295284
1302369
1304837
10741220
25839662
2039903
1302176
1301849
1293164
23769147
1295227
3162953
1294540
1297666
10439879
1293372
1309235
1298930
1308070
1295713
1309066
1295225
1499796
2147874
1947056
1305526
1300698
1298997
3017929
1304830
1292831
1316524
1293297
1308495
1440901
3637237
1523682
1294694
1308259
10562402
1418997
1299517
1297626
2254631
1297481
1305606
2125096
1293228
1767088
1295361
1303416
1414808
1308823
1300025
1299537
1298656
1306337
1932889
1472301
1298013
1292878
2076386
10459051
1296079
1296866
25964071
3158990
26289144
1418070
1329936
1499148
5360033
1291869
1309203
1467044
2147854
3346464
1304624
3745292
3155477
1308655
1305541
1867335
3015835
1315570
1299624
1293799
1293163
1300021
1484574
1291862
1297422
1301464
10727678
1307746
1867066
1304974
1358420
1293509
2161696
3364223
1885124
21352814
1309043
3230459
1301168
1291835
1498831
2334814
2082013
1474180
1300069
1829230
1291836
4903613
3805946
2974278
3321409
1296629
1291558
1293475
1293765
1303010
1296992
1301757
5919538
1305182
1309192
2968813
3392569
2072848
1292550
1296769
1302455
3149087
1929461
1296359
3000078
2034997
1296223
1297598
6755346
1302050
1443650
1301342
3504940
1292277
3144512
1295899
1299809
1482101
1293643
1864990
1308660
1302457
3226150
1918208
1433417
1295284
1302369
1304837
10741220
25839662
2039903
1302176
1301849
1293164
23769147
1295227
3162953
1294540
1297666
10439879
1293372
1309235
1298930
1308070
1295713
1309066
1295225
1499796
2147874
1947056
1305526
1300698
1298997
3017929
1304830
1292831
1316524
1293297
1308495
1440901
3637237
1523682
1294694
1308259
10562402
1418997
1299517
1297626
2254631
1297481
1305606
2125096
1293228
1767088
1295361
1303416
1414808
1308823
1300025
1299537
1298656
1306337
1932889
1472301
1298013
1292878
2076386
10459051
1296079
1296866
25964071
3158990
26289144
1418070
1329936
1499148
5360033
1291869
1309203
1467044
2147854
3346464
1304624
3745292
3155477
1308655
1305541
1867335
3015835
1315570
1299624
1293799
3077680
10549480
1763132
1307545
5910040
3012032
1293019
1306213
3743052
1297894
25774126
1297248
3182864
1296553
1294315
2330733
1309080
6601382
3564151
20283482
1389971
2132475
1419582
26140405
1292276
4728076
1305249
1431648
1949369
3215099
1308828
1858678
1296973
1300904
1422067
1353725
1296925
1309170
4267948
1293651
1297759
1301686
1293706
6437136
1292840
1305364
1297138
1294735
1401236
1305986
1301538
3285295
3718237
1297474
1292451
1302559
1304100
10545930
25965348
2118252
1904505
1299085
1294341
4147107
11534089
1905781
1296685
1306467
1781023
1300529
2141737
1294388
1306072
1297657
1304750
1422289
1293401
1299097
1307772
1299412
1293281
1441966
1301978
1440951
1448832
1304889
1293491
1305815
10574468
1309199
2124724
1305065
24745500
6829652
1304585
1309020
6900092
1937401
1421809
24735062
1302303
6128003
2054024
2083944
1796053
1416728
5977478
6869412
26235839
2002743
3562662
1473297
20514947
1293225
6041817
1298974
6425147
2056653
1299135
1308582
3007819
1300870
3014302
20515394
1292629
1296132
1295348
1301853
1308806
1299593
1297540
1292869
2076386
10459051
1296079
1296866
25964071
3158990
26289144
1418070
1329936
1499148
5360033
1291869
1309203
1467044
2147854
3346464
1304624
3745292
3155477
1308655
1305541
1867335
3015835
1315570
1299624
1293799
3077680
10549480
1763132
1307545
5910040
3012032
1293019
1306213
3743052
1297894
25774126
1297248
3182864
1296553
1294315
2330733
1309080
6601382
3564151
20283482
1389971
2132475
1419582
26140405
1292276
4728076
1305249
1431648
1949369
3215099
1308828
1858678
1296973
1300904
1422067
1353725
1296925
1309170
4267948
1293651
1297759
1301686
1293706
6437136
1292840
1305364
1297138
1294735
1401236
1305986
1301538
3285295
3718237
1297474
1292451
1302559
1304100
10545930
25965348
2118252
1904505
1299085
1294341
4147107
11534089
1905781
1296685
1306467
1781023
1300529
2141737
1294388
1306072
1297657
1304750
1422289
1293401
1299097
1307772
1299412
1293281
1441966
1301978
1440951
1448832
1304889
1293491
1305815
10574468
1309199
2124724
1305065
24745500
6829652
1304585
1309020
6900092
1937401
1421809
24735062
1302303
6128003
2054024
2083944
1796053
1416728
5977478
6869412
26235839
2002743
3562662
1473297
20514947
1293225
6041817
1298974
6425147
2056653
1299135
1308582
3007819
1300870
3014302
20515394
1292629
1296132
1295348
1301853
1308806
1299593
1297540
1292869
1298999
6506809
1306367
1369831
1293113
1297239
1300201
1441017
1292931
1293303
1306536
3062588
1303456
3068237
1298593
1421468
1300548
3287776
1300993
2005711
2020530
1304659
10558850
1307672
2300091
2029638
1293030
3195100
1300211
1316625
1297373
1294726
1304595
3081561
1309202
2263153
1301683
1295763
1440151
19964002
1304671
1304817
1309098
3928175
1301670
2143913
1300083
1306803
1788445
1305178
3089356
3177216
1765914
1939328
1293480
4873490
2268359
6386345
1978369
1302090
1308751
3804470
1294950
3623024
1295965
1300220
1306317
1760027
1304485
1890157
3073073
1419933
1396313
6905169
1306130
1293158
1292577
1300353
5977789
6957293
1394163
5265471
3070319
3834175
1291873
1304811
10463991
1308543
3440075
3173556
1302874
1294379
1301720
2059321
2083967
1783774
1295675
1292906
1789492
3578756
1796232
1301535
2210391
1306470
1849026
2269525
1292864
21360412
1299786
21332535
1301974
1908318
1456774
1303074
1301221
1305952
25777784
3011082
1304489
1307684
1303862
4922405
1308862
1305509
1921382
1304543
1891201
1301468
3448499
1309226
1300644
1297287
5977478
6869412
26235839
2002743
3562662
1473297
20514947
1293225
6041817
1298974
6425147
2056653
1299135
1308582
3007819
1300870
3014302
20515394
1292629
1296132
1295348
1301853
1308806
1299593
1297540
1292869
1298999
6506809
1306367
1369831
1293113
1297239
1300201
1441017
1292931
1293303
1306536
3062588
1303456
3068237
1298593
1421468
1300548
3287776
1300993
2005711
2020530
1304659
10558850
1307672
2300091
2029638
1293030
3195100
1300211
1316625
1297373
1294726
1304595
3081561
1309202
2263153
1301683
1295763
1440151
19964002
1304671
1304817
1309098
3928175
1301670
2143913
1300083
1306803
1788445
1305178
3089356
3177216
1765914
1939328
1293480
4873490
2268359
6386345
1978369
1302090
1308751
3804470
1294950
3623024
1295965
1300220
1306317
1760027
1304485
1890157
3073073
1419933
1396313
6905169
1306130
1293158
1292577
1300353
5977789
6957293
1394163
5265471
3070319
3834175
1291873
1304811
10463991
1308543
3440075
3173556
1302874
1294379
1301720
2059321
2083967
1783774
1295675
1292906
1789492
3578756
1796232
1301535
2210391
1306470
1849026
2269525
1292864
21360412
1299786
21332535
1301974
1908318
1456774
1303074
1301221
1305952
25777784
3011082
1304489
1307684
1303862
4922405
1308862
1305509
1921382
1304543
1891201
1301468
3448499
1309226
1300644
1297287
1306729
25823076
10543625
2351650
1307503
3319775
1866213
1304571
3789917
1307980
1401338
1296091
25772380
4721294
10769695
1366856
1394425
1306045
1299822
1306114
1296299
1304764
1292871
1297415
1301170
21361009
1306519
1304247
1301159
1306708
1308494
1304812
1853749
1421934
5180253
1295549
10428390
1304935
25870084
2213591
1291555
1304854
2033822
1295253
6021916
1308819
3626365
4196227
4215790
1466897
2043465
1394324
2300450
1299054
2133340
20515070
1305703
5153254
1308567
10439235
1900180
1308950
1464548
1308709
1946867
1827042
20279443
4851900
1306098
1300605
2997063
1306893
1297128
2034948
25947154
2055699
3025450
1304687
2229243
3158440
1307840
1870682
1428069
1796007
1307404
6082522
22519250
1304646
2036270
2059306
26356495
1815687
1299878
3022862
26263504
1306020
2124454
1292612
1302391
1298442
1305009
1308975
1303948
1340522
1302745
1296372
1304713
3268821
5972036
1307358
1307144
1962264
1911757
10538110
1293840
1296660
4723039
4849720
1918744
1293262
1936887
4833563
5327381
1306875
1296563
25805741
3313801
4843637
1914831
2037796
5993185
1819388
1292864
21360412
1299786
21332535
1301974
1908318
1456774
1303074
1301221
1305952
25777784
3011082
1304489
1307684
1303862
4922405
1308862
1305509
1921382
1304543
1891201
1301468
3448499
1309226
1300644
1297287
1306729
25823076
10543625
2351650
1307503
3319775
1866213
1304571
3789917
1307980
1401338
1296091
25772380
4721294
10769695
1366856
1394425
1306045
1299822
1306114
1296299
1304764
1292871
1297415
1301170
21361009
1306519
1304247
1301159
1306708
1308494
1304812
1853749
1421934
5180253
1295549
10428390
1304935
25870084
2213591
1291555
1304854
2033822
1295253
6021916
1308819
3626365
4196227
4215790
1466897
2043465
1394324
2300450
1299054
2133340
20515070
1305703
5153254
1308567
10439235
1900180
1308950
1464548
1308709
1946867
1827042
20279443
4851900
1306098
1300605
2997063
1306893
1297128
2034948
25947154
2055699
3025450
1304687
2229243
3158440
1307840
1870682
1428069
1796007
1307404
6082522
22519250
1304646
2036270
2059306
26356495
1815687
1299878
3022862
26263504
1306020
2124454
1292612
1302391
1298442
1305009
1308975
1303948
1340522
1302745
1296372
1304713
3268821
5972036
1307358
1307144
1962264
1911757
10538110
1293840
1296660
4723039
4849720
1918744
1293262
1936887
4833563
5327381
1306875
1296563
25805741
3313801
4843637
1914831
2037796
5993185
1819388
1305279
1299680
1951318
3732499
2251924
2010975
1310174
1306154
1794435
10491641
1949005
3230165
3012257
1366853
1451911
5036969
1306799
6041222
1828213
1309029
1853768
3574495
1421976
2134294
4313109
1302377
1962319
2297262
21335021
3008244
6738712
10521712
1300754
4144556
21442760
6307506
11599155
1922691
1293446
1962115
23712401
1949377
1306565
1478789
1298493
1301272
1308816
1298718
1293865
1293229
1294111
1986324
2131677
1301536
6041220
2275377
1307305
1305696
25843352
1301676
1308484
25662977
1828002
3402174
1294058
1316522
1302907
1304723
22994672
1297475
1484348
1296894
1293217
1951203
1293313
1466731
1458202
5951271
4709904
3003830
4059245
6872273
3011102
1308570
2368641
10545939
3078517
1793909
1294927
4145476
6110546
1294829
1971111
1302795
1295064
3017655
1308288
1779632
2326215
1308987
1303031
24470523
3111650
5377640
1308480
1304469
1307490
1428421
1470346
4111400
1309178
1461919
2042235
3230121
6858722
1873535
3239892
1308491
1907467
3727603
1394543
1298244
1408130
3631187
1764342
1295622
1981335
1295681
4298405
2125064
1304081
1293758
1304713
3268821
5972036
1307358
1307144
1962264
1911757
10538110
1293840
1296660
4723039
4849720
1918744
1293262
1936887
4833563
5327381
1306875
1296563
25805741
3313801
4843637
1914831
2037796
5993185
1819388
1305279
1299680
1951318
3732499
2251924
2010975
1310174
1306154
1794435
10491641
1949005
3230165
3012257
1366853
1451911
5036969
1306799
6041222
1828213
1309029
1853768
3574495
1421976
2134294
4313109
1302377
1962319
2297262
21335021
3008244
6738712
10521712
1300754
4144556
21442760
6307506
11599155
1922691
1293446
1962115
23712401
1949377
1306565
1478789
1298493
1301272
1308816
1298718
1293865
1293229
1294111
1986324
2131677
1301536
6041220
2275377
1307305
1305696
25843352
1301676
1308484
25662977
1828002
3402174
1294058
1316522
1302907
1304723
22994672
1297475
1484348
1296894
1293217
1951203
1293313
1466731
1458202
5951271
4709904
3003830
4059245
6872273
3011102
1308570
2368641
10545939
3078517
1793909
1294927
4145476
6110546
1294829
1971111
1302795
1295064
3017655
1308288
1779632
2326215
1308987
1303031
24470523
3111650
5377640
1308480
1304469
1307490
1428421
1470346
4111400
1309178
1461919
2042235
3230121
6858722
1873535
3239892
1308491
1907467
3727603
1394543
1298244
1408130
3631187
1764342
1295622
1981335
1295681
4298405
2125064
1304081
1293758
1950733
1301902
1449793
2568211
20266428
1946885
1966803
1301118
1304529
4219668
3236481
1304051
6523520
1963512
2065046
1302474
1298127
1306452
1293453
1774260
6789432
1960311
1866431
1301675
1298727
1293855
25717233
6730004
3078609
4728584
2052978
2081098
1390021
1305068
1305466
25718082
1308429
2158222
4745470
1295078
1302673
1949320
1756361
1718162
1307187
3749943
2362662
21871405
2422588
1303368
5919334
1294853
1878176
1438337
2338056
1301888
2028840
1307569
10487238
1303112
2076162
1308269
1308808
1297514
3369383
1945337
1300130
1302233
1300714
1297723
1964510
6724946
1294572
3317125
4172525
1298819
1308821
1793919
1304813
3105231
25813411
10480963
4839318
3285647
1295295
6959177
1394469
1307136
3095684
1304780
1295708
1304666
1299704
1298572
1397184
1307217
1301374
3025410
10355332
1763100
1889175
1485962
1304829
1303898
6097353
3287615
1295077
1308943
6558263
1303283
10573677
4724739
1307323
10833924
4301224
1308587
1308753
1949811
3569943
1863955
2993846
1316505
1325399
1947144
2230906
1892510
3822842
4727460
2267369
1299374
1929497
1309086
1307490
1428421
1470346
4111400
1309178
1461919
2042235
3230121
6858722
1873535
3239892
1308491
1907467
3727603
1394543
1298244
1408130
3631187
1764342
1295622
1981335
1295681
4298405
2125064
1304081
1293758
1950733
1301902
1449793
2568211
20266428
1946885
1966803
1301118
1304529
4219668
3236481
1304051
6523520
1963512
2065046
1302474
1298127
1306452
1293453
1774260
6789432
1960311
1866431
1301675
1298727
1293855
25717233
6730004
3078609
4728584
2052978
2081098
1390021
1305068
1305466
25718082
1308429
2158222
4745470
1295078
1302673
1949320
1756361
1718162
1307187
3749943
2362662
21871405
2422588
1303368
5919334
1294853
1878176
1438337
2338056
1301888
2028840
1307569
10487238
1303112
2076162
1308269
1308808
1297514
3369383
1945337
1300130
1302233
1300714
1297723
1964510
6724946
1294572
3317125
4172525
1298819
1308821
1793919
1304813
3105231
25813411
10480963
4839318
3285647
1295295
6959177
1394469
1307136
3095684
1304780
1295708
1304666
1299704
1298572
1397184
1307217
1301374
3025410
10355332
1763100
1889175
1485962
1304829
1303898
6097353
3287615
1295077
1308943
6558263
1303283
10573677
4724739
1307323
10833924
4301224
1308587
1308753
1949811
3569943
1863955
2993846
1316505
1325399
1947144
2230906
1892510
3822842
4727460
2267369
1299374
1929497
1309086
2257759
4023725
4844903
1304337
1299922
3183490
1394268
1294165
1417753
1419953
1306955
1299576
3007780
3829499
2133466
3179741
1788602
3077673
6424025
1298207
1578500
2299395
3094696
1297280
1307862
3775163
24883815
1417036
1326206
3007070
1303176
1304567
1304961
5316733
1307706
1468710
2367830
3075901
1777619
4034100
2132468
1474336
10749958
1299343
1308101
1293123
1306921
1293970
6124111
4918498
1292596
10605440
1299730
1297385
2005841
1294597
1382621
1293259
1293740
1291855
1299612
1298334
1305059
2333435
1301546
1304791
1293067
2279047
3118805
21594944
1304384
1298333
5285698
6080775
6875263
1309059
1390020
10450713
1292790
1509868
1308764
3147941
3736691
2132187
3284396
24839498
1301865
3447591
2132430
1298297
5501711
1292339
5912977
1308672
1427319
1427947
1301876
1298603
4861408
1395459
6078003
1298589
1298114
3154908
5327655
1298728
1298647
1418179
2255476
1305529
1461370
1918648
1309173
5327188
19969446
1305386
1306523
24716045
3217150
2371875
1308763
1795628
1463787
1817197
1944903
3126186
24882719
3007837
3267046
1428053
6126441
1463357
1295077
1308943
6558263
1303283
10573677
4724739
1307323
10833924
4301224
1308587
1308753
1949811
3569943
1863955
2993846
1316505
1325399
1947144
2230906
1892510
3822842
4727460
2267369
1299374
1929497
1309086
2257759
4023725
4844903
1304337
1299922
3183490
1394268
1294165
1417753
1419953
1306955
1299576
3007780
3829499
2133466
3179741
1788602
3077673
6424025
1298207
1578500
2299395
3094696
1297280
1307862
3775163
24883815
1417036
1326206
3007070
1303176
1304567
1304961
5316733
1307706
1468710
2367830
3075901
1777619
4034100
2132468
1474336
10749958
1299343
1308101
1293123
1306921
1293970
6124111
4918498
1292596
10605440
1299730
1297385
2005841
1294597
1382621
1293259
1293740
1291855
1299612
1298334
1305059
2333435
1301546
1304791
1293067
2279047
3118805
21594944
1304384
1298333
5285698
6080775
6875263
1309059
1390020
10450713
1292790
1509868
1308764
3147941
3736691
2132187
3284396
24839498
1301865
3447591
2132430
1298297
5501711
1292339
5912977
1308672
1427319
1427947
1301876
1298603
4861408
1395459
6078003
1298589
1298114
3154908
5327655
1298728
1298647
1418179
2255476
1305529
1461370
1918648
1309173
5327188
19969446
1305386
1306523
24716045
3217150
2371875
1308763
1795628
1463787
1817197
1944903
3126186
24882719
3007837
3267046
1428053
6126441
1463357
11606385
1966139
1762187
1301056
1294253
1958278
10755135
1458237
3832600
10531415
4265402
1461026
6900093
1297420
1299415
1293205
1292647
25941964
1292746
4225584
6999845
1301518
1293684
6008332
1294982
25965949
2189763
25965950
6973376
4896263
4151110
1303203
3652302
3777800
2054026
1297291
2132120
1914652
4035906
1308838
1307906
1422086
1308860
5247059
1300082
2368587
1316506
1307363
1419935
1299698
1297363
1300242
3319776
2910660
4883425
1299662
1914682
3194100
1401137
1305837
1296579
3440481
1307876
1299282
1298199
2265098
5343629
1304915
1309057
6041221
1309063
1306916
1389918
1298065
2978184
3040909
5413813
1864541
1299965
3735153
1482067
10535447
1440852
4942465
1307597
1295636
2127789
1306792
3318479
25827270
6524263
1308254
1306313
3205548
1794309
1395545
1419942
1292732
6717601
3182426
1300692
1305070
10466642
3011092
20275845
11636310
1416061
1305130
3596506
24772957
10461324
5156523
1309093
1401601
2279821
2075319
3026008
10590764
3012019
19929503
1293334
1296374
2173889
1962684
3319744
1388218
1870683
1306602
2037961
3014211
1293319
1389888
1298647
1418179
2255476
1305529
1461370
1918648
1309173
5327188
19969446
1305386
1306523
24716045
3217150
2371875
1308763
1795628
1463787
1817197
1944903
3126186
24882719
3007837
3267046
1428053
6126441
1463357
11606385
1966139
1762187
1301056
1294253
1958278
10755135
1458237
3832600
10531415
4265402
1461026
6900093
1297420
1299415
1293205
1292647
25941964
1292746
4225584
6999845
1301518
1293684
6008332
1294982
25965949
2189763
25965950
6973376
4896263
4151110
1303203
3652302
3777800
2054026
1297291
2132120
1914652
4035906
1308838
1307906
1422086
1308860
5247059
1300082
2368587
1316506
1307363
1419935
1299698
1297363
1300242
3319776
2910660
4883425
1299662
1914682
3194100
1401137
1305837
1296579
3440481
1307876
1299282
1298199
2265098
5343629
1304915
1309057
6041221
1309063
1306916
1389918
1298065
2978184
3040909
5413813
1864541
1299965
3735153
1482067
10535447
1440852
4942465
1307597
1295636
2127789
1306792
3318479
25827270
6524263
1308254
1306313
3205548
1794309
1395545
1419942
1292732
6717601
3182426
1300692
1305070
10466642
3011092
20275845
11636310
1416061
1305130
3596506
24772957
10461324
5156523
1309093
1401601
2279821
2075319
3026008
10590764
3012019
19929503
1293334
1296374
2173889
1962684
3319744
1388218
1870683
1306602
2037961
3014211
1293319
1389888
1479418
2063804
4300528
2046022
1293370
4913200
4826330
3217122
1329962
10810745
1300608
10788846
1304038
3006424
2976123
3213173
25956520
1788392
2298282
1532205
1463033
4301278
1306334
1299550
1308596
2133422
1308005
1308810
3148068
2976072
1309124
3101985
3172300
19963896
4930393
5288887
1304989
10467779
1294564
1299237
3291376
1298299
1395455
2978773
4275444
1297787
2149465
21370624
6710798
5407055
2045321
5327216
1937305
1293896
2042618
26333124
1293345
3864367
6835009
4116937
1299086
1777200
7051805
22557483
3914512
2009395
1299072
1922147
6397225
2027951
1421779
24702626
1292665
6855108
1301222
1905788
1307716
1306105
1297141
3441061
1303218
1293252
1917852
1306461
1296035
1293311
1299363
2001298
1946870
1291871
1761184
1304834
4271894
3148027
3289086
4906427
4889554
4271832
10831449
5320233
1915393
1300246
1299649
1580620
1950198
1303674
1875313
2045259
1457191
3217878
1853752
1419939
1309196
3096161
2133318
1390022
3567857
20388242
4301056
2080849
2996625
1308637
1302776
1422911
3431735
1466907
1929441
24307625
5029050
5951292
20390013
25830802
1416061
1305130
3596506
24772957
10461324
5156523
1309093
1401601
2279821
2075319
3026008
10590764
3012019
19929503
1293334
1296374
2173889
1962684
3319744
1388218
1870683
1306602
2037961
3014211
1293319
1389888
1479418
2063804
4300528
2046022
1293370
4913200
4826330
3217122
1329962
10810745
1300608
10788846
1304038
3006424
2976123
3213173
25956520
1788392
2298282
1532205
1463033
4301278
1306334
1299550
1308596
2133422
1308005
1308810
3148068
2976072
1309124
3101985
3172300
19963896
4930393
5288887
1304989
10467779
1294564
1299237
3291376
1298299
1395455
2978773
4275444
1297787
2149465
21370624
6710798
5407055
2045321
5327216
1937305
1293896
2042618
26333124
1293345
3864367
6835009
4116937
1299086
1777200
7051805
22557483
3914512
2009395
1299072
1922147
6397225
2027951
1421779
24702626
1292665
6855108
1301222
1905788
1307716
1306105
1297141
3441061
1303218
1293252
1917852
1306461
1296035
1293311
1299363
2001298
1946870
1291871
1761184
1304834
4271894
3148027
3289086
4906427
4889554
4271832
10831449
5320233
1915393
1300246
1299649
1580620
1950198
1303674
1875313
2045259
1457191
3217878
1853752
1419939
1309196
3096161
2133318
1390022
3567857
20388242
4301056
2080849
2996625
1308637
1302776
1422911
3431735
1466907
1929441
24307625
5029050
5951292
20390013
25830802
1308077
1299378
1757929
1819888
1465754
3627296
1300699
1303781
1930542
4109746
1890586
5382911
21767208
1917080
1301788
10468380
1305653
1302013
1889127
1292983
24860410
6869382
1308985
1795193
6714084
2148243
1389984
1461148
2059500
1309174
2041864
2969019
1580313
4051876
1309148
3003092
1826148
6402604
1861401
25794037
4066206
1927686
5908477
6424814
1307762
1307043
2338058
6759229
1306541
1308748
6039412
4917698
1305735
3401409
4202326
1422089
1296569
2042593
1466910
1304536
1395357
3071624
3826526
1790754
3026005
1389980
25845383
1307146
2998412
1305553
1304114
3006416
6965615
1305934
3004244
1308504
4915135
6972876
1308197
25933898
4301215
1296826
3249742
1308798
10581376
2326458
4301268
2042193
3598221
3011044
1307289
1293554
1301403
1451413
4819552
3005603
1306755
1299824
23712558
1476926
26611458
1293116
2125071
1294995
2085030
1293729
1784989
22723256
1432774
1302060
4019444
1300204
21349301
1395087
1456391
1941367
1305352
1781992
3720991
3156609
1304420
1301313
1300565
1482062
3134127
3730325
1293407
1305988
1293333
1293309
5392029
1417751
1875313
2045259
1457191
3217878
1853752
1419939
1309196
3096161
2133318
1390022
3567857
20388242
4301056
2080849
2996625
1308637
1302776
1422911
3431735
1466907
1929441
24307625
5029050
5951292
20390013
25830802
1308077
1299378
1757929
1819888
1465754
3627296
1300699
1303781
1930542
4109746
1890586
5382911
21767208
1917080
1301788
10468380
1305653
1302013
1889127
1292983
24860410
6869382
1308985
1795193
6714084
2148243
1389984
1461148
2059500
1309174
2041864
2969019
1580313
4051876
1309148
3003092
1826148
6402604
1861401
25794037
4066206
1927686
5908477
6424814
1307762
1307043
2338058
6759229
1306541
1308748
6039412
4917698
1305735
3401409
4202326
1422089
1296569
2042593
1466910
1304536
1395357
3071624
3826526
1790754
3026005
1389980
25845383
1307146
2998412
1305553
1304114
3006416
6965615
1305934
3004244
1308504
4915135
6972876
1308197
25933898
4301215
1296826
3249742
1308798
10581376
2326458
4301268
2042193
3598221
3011044
1307289
1293554
1301403
1451413
4819552
3005603
1306755
1299824
23712558
1476926
26611458
1293116
2125071
1294995
2085030
1293729
1784989
22723256
1432774
1302060
4019444
1300204
21349301
1395087
1456391
1941367
1305352
1781992
3720991
3156609
1304420
1301313
1300565
1482062
3134127
3730325
1293407
1305988
1293333
1293309
5392029
1417751
1299895
1298146
3035549
24751754
3289081
3264045
7155083
6514105
3154909
10482125
26269510
1419581
3445526
1307781
1861411
1433232
25700838
3025666
1824414
10562987
1765127
20378794
3055049
10508878
2032459
1304977
1401390
2968611
1875311
10833971
3033092
1292827
3134061
1418613
1309182
3305753
3077693
2335117
25955372
3562429
6428132
1873751
1294086
20278801
5250369
1918028
5364967
1437623
1300060
3727816
4301248
1306008
1304644
1302607
1915331
10741221
6874487
5155796
4859386
1307223
4088942
3010407
6126442
6878446
4111416
3566266
1308699
1302769
10733558
1308745
3008256
1308746
1431755
1394520
6515363
3244128
2146939
1307941
7161695
3428529
3310482
2335116
1531733
1547134
25783914
3318473
6886490
1301278
4301613
2037958
3154585
2119423
1456415
1510114
10563107
2334685
1296797
4853478
1394236
6781967
1419965
1419981
1483577
3262935
6601369
1302877
1917299
1297053
2028842
1296508
24879821
1297604
1476676
3591756
1877130
1308759
1295572
1306958
1302655
4133237
5240875
1304781
1476912
6874137
3369184
1301162
3240208
24736566
3897667
3262939
26140241
3130180
1784989
22723256
1432774
1302060
4019444
1300204
21349301
1395087
1456391
1941367
1305352
1781992
3720991
3156609
1304420
1301313
1300565
1482062
3134127
3730325
1293407
1305988
1293333
1293309
5392029
1417751
1299895
1298146
3035549
24751754
3289081
3264045
7155083
6514105
3154909
10482125
26269510
1419581
3445526
1307781
1861411
1433232
25700838
3025666
1824414
10562987
1765127
20378794
3055049
10508878
2032459
1304977
1401390
2968611
1875311
10833971
3033092
1292827
3134061
1418613
1309182
3305753
3077693
2335117
25955372
3562429
6428132
1873751
1294086
20278801
5250369
1918028
5364967
1437623
1300060
3727816
4301248
1306008
1304644
1302607
1915331
10741221
6874487
5155796
4859386
1307223
4088942
3010407
6126442
6878446
4111416
3566266
1308699
1302769
10733558
1308745
3008256
1308746
1431755
1394520
6515363
3244128
2146939
1307941
7161695
3428529
3310482
2335116
1531733
1547134
25783914
3318473
6886490
1301278
4301613
2037958
3154585
2119423
1456415
1510114
10563107
2334685
1296797
4853478
1394236
6781967
1419965
1419981
1483577
3262935
6601369
1302877
1917299
1297053
2028842
1296508
24879821
1297604
1476676
3591756
1877130
1308759
1295572
1306958
1302655
4133237
5240875
1304781
1476912
6874137
3369184
1301162
3240208
24736566
3897667
3262939
26140241
3130180
4858775
1298346
11776289
21724200
3673923
24751764
21765841
1308836
2153579
3006775
11632586
1307532
1308805
3871833
6890343
1914681
1994877
25782827
25944282
2009341
1980877
1309039
2357421
2049989
2364979
1796245
3443400
3193932
3920055
6875991
1419584
21324289
1908385
11639538
25799040
1308615
3073837
3017555
1395456
1304509
20002750
1298489
3025846
1867403
6733278
3326759
4087058
1305347
2338323
1762665
3225261
10432325
1297438
24843198
4707230
25872931
4711195
4043763
1304282
25753166
23163938
2083735
1422889
3574559
1309067
4058964
1849003
2376071
1305594
25828521
1302379
1441612
5948656
4328442
1301562
1417543
24875658
4728342
1962120
1778993
5285675
10487917
3323925
1307457
1482073
3211468
1308795
26310141
11618146
20427090
1439394
3757150
4233892
1305335
1293187
1526760
1294612
10455648
1773481
1433550
1860741
1302343
4218768
4881607
6782006
3168086
6225992
1305713
1464338
2123510
1461226
1438093
25853073
2352630
5977838
2137298
1947719
10574621
6858739
25715087
1297670
2118538
1426842
2334073
4798779
4960204
25934051
6873250
1839855
1408137
1493920
24523681
1917299
1297053
2028842
1296508
24879821
1297604
1476676
3591756
1877130
1308759
1295572
1306958
1302655
4133237
5240875
1304781
1476912
6874137
3369184
1301162
3240208
24736566
3897667
3262939
26140241
3130180
4858775
1298346
11776289
21724200
3673923
24751764
21765841
1308836
2153579
3006775
11632586
1307532
1308805
3871833
6890343
1914681
1994877
25782827
25944282
2009341
1980877
1309039
2357421
2049989
2364979
1796245
3443400
3193932
3920055
6875991
1419584
21324289
1908385
11639538
25799040
1308615
3073837
3017555
1395456
1304509
20002750
1298489
3025846
1867403
6733278
3326759
4087058
1305347
2338323
1762665
3225261
10432325
1297438
24843198
4707230
25872931
4711195
4043763
1304282
25753166
23163938
2083735
1422889
3574559
1309067
4058964
1849003
2376071
1305594
25828521
1302379
1441612
5948656
4328442
1301562
1417543
24875658
4728342
1962120
1778993
5285675
10487917
3323925
1307457
1482073
3211468
1308795
26310141
11618146
20427090
1439394
3757150
4233892
1305335
1293187
1526760
1294612
10455648
1773481
1433550
1860741
1302343
4218768
4881607
6782006
3168086
6225992
1305713
1464338
2123510
1461226
1438093
25853073
2352630
5977838
2137298
1947719
10574621
6858739
25715087
1297670
2118538
1426842
2334073
4798779
4960204
25934051
6873250
1839855
1408137
1493920
24523681
1806672
2240631
25767613
6524283
2977490
1916854
1306918
1309175
4073913
4132357
3892376
20513059
3268216
6527269
3078390
20444530
2279772
1938312
3914500
1306319
25881780
25794212
3002819
10456963
4817024
20472857
7051294
3447595
5294344
25742242
2052973
6514136
3182856
10508874
6068517
1297389
3555237
10512804
1305418
1920730
4845412
26235315
6873766
1950427
1929438
2132203
2038288
25838216
6870692
3389596
25790755
10480985
1510432
3095496
6966617
20388696
1304555
4133214
6041219
1472229
1890556
1866061
25955488
1307530
26298239
4110128
3820191
5319835
19973815
10833923
16475702
5290729
6062731
4845414
5285669
5294324
5366708
19967839
26263443
1305655
1308384
1426819
1900172
24851526
11604102
3757161
6999258
1388219
25824852
1303714
3104205
6425118
4312236
25915947
23774748
10566041
2333672
3305873
1926007
26279433
6101834
1308742
2359442
6984070
19944289
1482075
25856480
24532100
3988887
11598815
3660836
4185683
1966105
1855783
1303964
4910177
25789453
3073638
25853729
25745752
25777330
25834473
1307849
5446226
4320236
6722888
1302786
25975323
10827168
10461368
21248460
3730742
3168086
6225992
1305713
1464338
2123510
1461226
1438093
25853073
2352630
5977838
2137298
1947719
10574621
6858739
25715087
1297670
2118538
1426842
2334073
4798779
4960204
25934051
6873250
1839855
1408137
1493920
24523681
1806672
2240631
25767613
6524283
2977490
1916854
1306918
1309175
4073913
4132357
3892376
20513059
3268216
6527269
3078390
20444530
2279772
1938312
3914500
1306319
25881780
25794212
3002819
10456963
4817024
20472857
7051294
3447595
5294344
25742242
2052973
6514136
3182856
10508874
6068517
1297389
3555237
10512804
1305418
1920730
4845412
26235315
6873766
1950427
1929438
2132203
2038288
25838216
6870692
3389596
25790755
10480985
1510432
3095496
6966617
20388696
1304555
4133214
6041219
1472229
1890556
1866061
25955488
1307530
26298239
4110128
3820191
5319835
19973815
10833923
16475702
5290729
6062731
4845414
5285669
5294324
5366708
19967839
26263443
1305655
1308384
1426819
1900172
24851526
11604102
3757161
6999258
1388219
25824852
1303714
3104205
6425118
4312236
25915947
23774748
10566041
2333672
3305873
1926007
26279433
6101834
1308742
2359442
6984070
19944289
1482075
25856480
24532100
3988887
11598815
3660836
4185683
1966105
1855783
1303964
4910177
25789453
3073638
25853729
25745752
25777330
25834473
1307849
5446226
4320236
6722888
1302786
25975323
10827168
10461368
21248460
3730742
25845399
3114134
1419962
1400123
3993196
2080707
1937113
25733874
1298712
25828520
25779218
21359619
2214140
25444447
3990500
5282454
20471876
6037977
20451471
25810920
1424748
10740243
1885180
10567087
3223647
1506680
1439890
3344570
5250583
5355187
25789352
25911595
26322809
25746414
2148618
1316694
6313287
25788112
5413785
6849069
10759790
25716087
6902345
6874415
24879858
25728590
25881786
1306983
6527170
10617163
4275580
10567506
25924935
4713981
25736455
2344873
1478285
24721493
1499008
25713408
3815920
25880244
1308866
6714088
4258485
10606939
4942779
4604914
24869824
10554941
2133326
10827151
5337543
25853055
1793916
2043458
25785892
25858759
24840488
6124012
25831326
5044739
10453730
1394626
25713336
20451335
3764226
6389532
25706778
25761527
6738760
25831308
4735944
1917577
4166487
3280079
4728507
24752702
6946773
10594958
5327071
6793331
2133903
6876057
25828563
20376577
4942778
24751757
20378811
24743712
5382887
3032912
1308973
1875315
1293295
3713757
24847343
10604893
4237863
2279587
26163541
5332621
4707528
26309968
26348218
10758223
1757662
11614603
6984064
1305926
26279166
21264285
1482075
25856480
24532100
3988887
11598815
3660836
4185683
1966105
1855783
1303964
4910177
25789453
3073638
25853729
25745752
25777330
25834473
1307849
5446226
4320236
6722888
1302786
25975323
10827168
10461368
21248460
3730742
25845399
3114134
1419962
1400123
3993196
2080707
1937113
25733874
1298712
25828520
25779218
21359619
2214140
25444447
3990500
5282454
20471876
6037977
20451471
25810920
1424748
10740243
1885180
10567087
3223647
1506680
1439890
3344570
5250583
5355187
25789352
25911595
26322809
25746414
2148618
1316694
6313287
25788112
5413785
6849069
10759790
25716087
6902345
6874415
24879858
25728590
25881786
1306983
6527170
10617163
4275580
10567506
25924935
4713981
25736455
2344873
1478285
24721493
1499008
25713408
3815920
25880244
1308866
6714088
4258485
10606939
4942779
4604914
24869824
10554941
2133326
10827151
5337543
25853055
1793916
2043458
25785892
25858759
24840488
6124012
25831326
5044739
10453730
1394626
25713336
20451335
3764226
6389532
25706778
25761527
6738760
25831308
4735944
1917577
4166487
3280079
4728507
24752702
6946773
10594958
5327071
6793331
2133903
6876057
25828563
20376577
4942778
24751757
20378811
24743712
5382887
3032912
1308973
1875315
1293295
3713757
24847343
10604893
4237863
2279587
26163541
5332621
4707528
26309968
26348218
10758223
1757662
11614603
6984064
1305926
26279166
21264285
25907004
19963931
1950151
5194471
2988163
22300822
6815117
26356055
26101065
24847340
26411409
7003416
25962735
25918597
3824500
6957227
11639159
23042272
5989846
5319803
25886500
6422080
26675674
6396689
5326540
25713420
20395646
26263437
24706118
25746519
25945356
25780584
24743709
19962579
6900097
6309365
4922789
25733380
25767590
26021055
25778488
6436763
6778650
24751825
1962331
4713984
5267375
6068516
4707585
25849475
6531251
24888079
10828426
6518721
25858760
25928069
25917896
10813688
25899616
4707237
10487240
19967777
25663134
10807916
10813800
25741577
25864203
25702580
26259634
5993138
20398974
21340764
20426975
5345423
10766178
26280556
3998369
25704408
25804457
25758705
10736586
25841341
10583863
25779207
24843196
20378817
25868330
3999737
7003297
26301662
10781952
26200627
25806660
10539139
6147308
10458667
6080748
19962575
5446249
24381850
6221409
5044748
20515018
10355621
10563119
25728734
25723081
20451336
6890750
5985921
25732548
5337532
25815841
5421797
25741108
24163542
26598601
25727236