3712009
1947460
20326557
1900866
1292001
1291549
1766559
6839118
6799133
2269979
1306568
1297052
1296157
1310179
1305605
1301777
1297503
1296659
1292745
1418627
2269967
3007773
1295025
1301926
1303542
1766042
1299446
4876176
2972580
25773932
1293399
1900840
3285642
1293236
1947266
1298880
1926106
6860160
6874403
3335463
1308086
1292745
1418627
2269967
3007773
1295025
1301926
1303542
1766042
1299446
4876176
2972580
25773932
1293399
1900840
3285642
1293236
1947266
1298880
1926106
6860160
6874403
3335463
1308086
1297007
1438584
3732861
1306960
1298566
1293876
1297200
1293620
1293851
1460443
1292579
2053515
1844413
1293708
1294136
1316560
1294565
1303023
1291829
6860160
6874403
3335463
1308086
1297007
1438584
3732861
1306960
1298566
1293876
1297200
1293620
1293851
1460443
1292579
2053515
1844413
1293708
1294136
1316560
1294565
1303023
1291829
1299144
1292684
1898223
25855951
1361254
1309085
1301689
1303061
1309195
1299330
1401520
1300143
1422024
1506902
1440613
25738406
1296538
1294595
10754780
1316560
1294565
1303023
1291829
1299144
1292684
1898223
25855951
1361254
1309085
1301689
1303061
1309195
1299330
1401520
1300143
1422024
1506902
1440613
25738406
1296538
1294595
10754780
1300075
1292345
1428239
1299663
1292278
3069363
1297476
1292894
1416877
1299122
1293037
1292757
1292352
1291846
1298755
2079017
1299204
1293043
1301678
25738406
1296538
1294595
10754780
1300075
1292345
1428239
1299663
1292278
3069363
1297476
1292894
1416877
1299122
1293037
1292757
1292352
1291846
1298755
2079017
1299204
1293043
1301678
1299176
1298485
1432804
3707151
1300520
1301589
1306845
1294913
2156296
1301509
6887029
1307853
3005365
1308424
1294345
1428067
3390931
1307548
1293308
3022891
1299204
1293043
1301678
1299176
1298485
1432804
3707151
1300520
1301589
1306845
1294913
2156296
1301509
6887029
1307853
3005365
1308424
1294345
1428067
3390931
1307548
1293308
3022891
2058121
1292593
1308297
3345194
3532293
2019216
1292219
3550132
3036997
1299362
1304826
1292264
1300752
1793922
2078906
1291876
3212318
1306762
1297228
3390931
1307548
1293308
3022891
2058121
1292593
1308297
3345194
3532293
2019216
1292219
3550132
3036997
1299362
1304826
1292264
1300752
1793922
2078906
1291876
3212318
1306762
1297228
1966759
1295221
1302022
1295583
1293347
1303090
1901771
1308778
1452648
1303533
1548912
6788731
1418714
1421823
1308620
1291553
1422922
2133403
1394176
1291876
3212318
1306762
1297228
1966759
1295221
1302022
1295583
1293347
1303090
1901771
1308778
1452648
1303533
1548912
6788731
1418714
1421823
1308620
1291553
1422922
2133403
1394176
1945761
20507274
1293726
3243322
1293748
3706884
1308063
1294698
1297966
1401916
1293650
1476854
1303410
1829230
1307702
3000078
3562827
1292541
1792922
1291553
1422922
2133403
1394176
1945761
20507274
1293726
3243322
1293748
3706884
1308063
1294698
1297966
1401916
1293650
1476854
1303410
1829230
1307702
3000078
3562827
1292541
1792922
1293694
1762492
1309066
1305526
2003388
1304830
3305739
3004246
1292878
1441409
1779354
1438317
1294360
2078546
1294740
5910040
3182864
3005387
3155961
3000078
3562827
1292541
1792922
1293694
1762492
1309066
1305526
2003388
1304830
3305739
3004246
1292878
1441409
1779354
1438317
1294360
2078546
1294740
5910040
3182864
3005387
3155961
3608742
10440069
1432699
1293095
1294341
1306511
1440845
1309090
24741638
1293534
1439985
3439371
1754975
1299547
2124724
1937401
1310153
1299593
1302145
3622373
3182864
3005387
3155961
3608742
10440069
1432699
1293095
1294341
1306511
1440845
1309090
24741638
1293534
1439985
3439371
1754975
1299547
2124724
1937401
1310153
1299593
1302145
3622373
4212522
3081561
2263153
1302861
3089356
1292457
1428374
3077410
1304339
1292855
1401886
1297088
1760027
2139553
6957293
1296770
1789492
24879816
1299786
1310153
1299593
1302145
3622373
4212522
3081561
2263153
1302861
3089356
1292457
1428374
3077410
1304339
1292855
1401886
1297088
1760027
2139553
6957293
1296770
1789492
24879816
1299786
1438290
20497905
1863980
1293197
1301170
1304812
1806571
1309205
1294343
10754795
1301632
1789716
1308137
1306683
1401896
1353728
2300450
1306730
1308709
1296770
1789492
24879816
1299786
1438290
20497905
1863980
1293197
1301170
1304812
1806571
1309205
1294343
10754795
1301632
1789716
1308137
1306683
1401896
1353728
2300450
1306730
1308709
1850660
1401383
2364834
20399271
1293528
10735421
2003408
1300872
1294780
1308466
1310174
2383207
1293865
3445586
11594900
1940458
5951271
3182807
21870330
1353728
2300450
1306730
1308709
1850660
1401383
2364834
20399271
1293528
10735421
2003408
1300872
1294780
1308466
1310174
2383207
1293865
3445586
11594900
1940458
5951271
3182807
21870330
1307796
1309178
2367243
3266509
3289866
25900851
1293932
2991782
1293453
1293326
1866431
2084525
10748493
1296045
3072822
1303368
1309218
4181108
1779509
1940458
5951271
3182807
21870330
1307796
1309178
2367243
3266509
3289866
25900851
1293932
2991782
1293453
1293326
1866431
2084525
10748493
1296045
3072822
1303368
1309218
4181108
1779509
1294572
1889175
3073287
3005606
1316505
3071461
3775163
3007070
1482103
25760247
6864262
6126445
2375787
1298297
4842877
6126441
11528266
5152503
1472749
1888611
1309218
4181108
1779509
1294572
1889175
3073287
3005606
1316505
3071461
3775163
3007070
1482103
25760247
6864262
6126445
2375787
1298297
4842877
6126441
11528266
5152503
1472749
1888611
1303443
2910660
2279821
3011231
1308794
3434034
1759575
26288054
24713882
2149465
2027951
7055667
1461382
1309159
1308656
20388242
4706257
10468380
3003092
11528266
5152503
1472749
1888611
1303443
2910660
2279821
3011231
1308794
3434034
1759575
26288054
24713882
2149465
2027951
7055667
1461382
1309159
1308656
20388242
4706257
10468380
3003092
6560928
3552307
25967447
1295967
1306283
1772691
6435819
6873740
1755972
5392029
1764800
1307638
3564327
25853129
1295319
1299005
1306601
25783914
5151823
20388242
4706257
10468380
3003092
6560928
3552307
25967447
1295967
1306283
1772691
6435819
6873740
1755972
5392029
1764800
1307638
3564327
25853129
1295319
1299005
1306601
25783914
5151823
3004238
1308836
1908385
25811988
3211468
6068519
3292100
2044201
2370438
5319823
26420836
1299377
11541282
6068517
4223304
10546762
11528271
26328650
25841241
1299005
1306601
25783914
5151823
3004238
1308836
1908385
25811988
3211468
6068519
3292100
2044201
2370438
5319823
26420836
1299377
11541282
6068517
4223304
10546762
11528271
26328650
25841241
3804734
5273312
10468706
20451471
3141456
3073282
1798473
25706778
6815113
10441070
4824246
6068516
10759842
5161713
25919327
6755902
25741108