2131459
3541415
1473562
1889243
1292213
1291552
1295399
1401118
1929463
1291583
1293909
1301026
1294998
2129039
1299398
1291571
1291572
1293764
1292925
1477916
1298817
1907966
1308807
1301753
1297359
1858711
1291585
1307315
1890572
1298107
1292642
1305605
1295656
1297105
1293266
1294704
1297440
1790587
2353023
1291545
4202302
6534248
1578507
10533913
1905462
1310177
1306982
1297602
1299932
1307508
1947265
1466085
1295401
1477924
2084510
1845698
3008143
1652587
11026735
3011235
1302827
1477448
1848925
1292349
3750104
2028659
1309156
1298506
1293863
1303017
1301859
3271093
1292516
5162334
1298250
1303471
1300034
1769033
1302814
1298070
24405378
6307447
1295038
1304102
3592854
1294638
1308767
1292728
1867345
1292226
6985803
1291840
1309015
1293150
1309135
1296636
1294699
1771288
1421884
1950233
1296610
1293231
1296399
1303287
1440030
1298433
1298258
1300694
1460443
1291578
3731581
25864085
1307811
1293530
1298653
1428175
1759386
1851906
1300555
24397586
1450031
10756537
1294947
1300977
1441189
1297122
1498629
1298271
4202982
3068206
2357162
2133323
1291838
1293838
1297151
1291569
1310178
1309109
1401905
1302827
1477448
1848925
1292349
3750104
2028659
1309156
1298506
1293863
1303017
1301859
3271093
1292516
5162334
1298250
1303471
1300034
1769033
1302814
1298070
24405378
6307447
1295038
1304102
3592854
1294638
1308767
1292728
1867345
1292226
6985803
1291840
1309015
1293150
1309135
1296636
1294699
1771288
1421884
1950233
1296610
1293231
1296399
1303287
1440030
1298433
1298258
1300694
1460443
1291578
3731581
25864085
1307811
1293530
1298653
1428175
1759386
1851906
1300555
24397586
1450031
10756537
1294947
1300977
1441189
1297122
1498629
1298271
4202982
3068206
2357162
2133323
1291838
1293838
1297151
1291569
1310178
1309109
1401905
1308577
1294754
1307425
1292565
1293514
1293457
1305214
10485647
11606328
2973079
1959877
3178770
1296528
1309071
1299092
1296666
1299952
1296538
1440742
25745494
5322572
1303110
1293240
1305095
1302321
1299122
1437432
1296344
1966182
4915857
1291586
1315574
4914468
4164444
1292267
4116480
1309078
1294323
11589036
1293471
1307931
5327268
1292625
3071517
1299560
3007809
1294562
1441863
24718965
1294457
1306450
1293692
1457127
1950821
1306002
1304590
26575234
1299785
1300347
1304146
1294144
1304346
6890326
1298905
1296455
1866479
1498629
1298271
4202982
3068206
2357162
2133323
1291838
1293838
1297151
1291569
1310178
1309109
1401905
1308577
1294754
1307425
1292565
1293514
1293457
1305214
10485647
11606328
2973079
1959877
3178770
1296528
1309071
1299092
1296666
1299952
1296538
1440742
25745494
5322572
1303110
1293240
1305095
1302321
1299122
1437432
1296344
1966182
4915857
1291586
1315574
4914468
4164444
1292267
4116480
1309078
1294323
11589036
1293471
1307931
5327268
1292625
3071517
1299560
3007809
1294562
1441863
24718965
1294457
1306450
1293692
1457127
1950821
1306002
1304590
26575234
1299785
1300347
1304146
1294144
1304346
6890326
1298905
1296455
1866479
3233635
7065154
1308779
6390823
3789848
1418192
1296996
1291544
3642843
1309055
1437342
1293013
1919245
5318669
1294362
6845667
3769423
3626372
1299513
1291587
1302661
24723061
1296697
23048775
1307812
1294917
1432436
1291866
1292765
3144388
1293325
1808049
1304730
1459054
1462631
1296109
4071781
1299904
1401904
1291834
1295697
1304985
1823218
3321892
1296577
1302431
1303393
1783457
3077412
1309101
1292523
4824512
1292484
1293531
1291581
1304970
2132932
1294990
1291574
1297785
3927734
1292264
1298204
1293785
1307547
1301679
1950821
1306002
1304590
26575234
1299785
1300347
1304146
1294144
1304346
6890326
1298905
1296455
1866479
3233635
7065154
1308779
6390823
3789848
1418192
1296996
1291544
3642843
1309055
1437342
1293013
1919245
5318669
1294362
6845667
3769423
3626372
1299513
1291587
1302661
24723061
1296697
23048775
1307812
1294917
1432436
1291866
1292765
3144388
1293325
1808049
1304730
1459054
1462631
1296109
4071781
1299904
1401904
1291834
1295697
1304985
1823218
3321892
1296577
1302431
1303393
1783457
3077412
1309101
1292523
4824512
1292484
1293531
1291581
1304970
2132932
1294990
1291574
1297785
3927734
1292264
1298204
1293785
1307547
1301679
3001149
3259973
1308976
1298366
1301887
21349175
1292898
20255014
1436711
1293648
1306408
2081429
2150082
1293034
1299486
1294620
1293371
1300337
1407148
1300215
1300863
1298059
1305399
1296467
1292944
1296962
1718176
1295915
1757927
3793783
1432146
2124703
2051007
1291577
2998253
1860745
1299383
1296717
1891211
4812830
1401604
1308713
1309112
1945797
1292701
1299800
1293656
1306513
26258872
1307836
1293485
2081871
1432616
1441778
1291874
1293178
1308241
1301604
1293512
1865082
1304159
1294698
1304130
1780342
1293484
26318596
1293531
1291581
1304970
2132932
1294990
1291574
1297785
3927734
1292264
1298204
1293785
1307547
1301679
3001149
3259973
1308976
1298366
1301887
21349175
1292898
20255014
1436711
1293648
1306408
2081429
2150082
1293034
1299486
1294620
1293371
1300337
1407148
1300215
1300863
1298059
1305399
1296467
1292944
1296962
1718176
1295915
1757927
3793783
1432146
2124703
2051007
1291577
2998253
1860745
1299383
1296717
1891211
4812830
1401604
1308713
1309112
1945797
1292701
1299800
1293656
1306513
26258872
1307836
1293485
2081871
1432616
1441778
1291874
1293178
1308241
1301604
1293512
1865082
1304159
1294698
1304130
1780342
1293484
26318596
1773065
1298965
1401916
3005875
10807909
10440138
1309043
10727641
1866473
1309201
1295229
1768351
1428878
11443314
1293353
1296384
1796939
1291573
3036478
1293765
1292769
1301757
2252773
1301434
3078514
1302325
1300361
1301166
1968438
1291576
1293830
1293316
1305066
1297666
1859845
1293572
2971742
1308281
1299888
1300698
1293324
1481499
1523682
1293426
10562402
1418997
1298273
1308698
1307115
1295306
6712720
1303416
1295835
1932889
1298013
1293444
1421051
1444533
1293831
1305051
1294224
1796752
1308118
5323968
1457217
1308848
1441778
1291874
1293178
1308241
1301604
1293512
1865082
1304159
1294698
1304130
1780342
1293484
26318596
1773065
1298965
1401916
3005875
10807909
10440138
1309043
10727641
1866473
1309201
1295229
1768351
1428878
11443314
1293353
1296384
1796939
1291573
3036478
1293765
1292769
1301757
2252773
1301434
3078514
1302325
1300361
1301166
1968438
1291576
1293830
1293316
1305066
1297666
1859845
1293572
2971742
1308281
1299888
1300698
1293324
1481499
1523682
1293426
10562402
1418997
1298273
1308698
1307115
1295306
6712720
1303416
1295835
1932889
1298013
1293444
1421051
1444533
1293831
1305051
1294224
1796752
1308118
5323968
1457217
1308848
2028669
2028585
1309203
1994876
1291582
2174535
1295384
2999913
1867335
25819229
1307749
1293019
1295870
20283482
3005387
1863770
1296973
2982853
25760447
1390006
25662063
1295368
1855250
1304859
1296228
1297931
1294388
3428545
3006325
1293916
1532596
1293737
1307286
1302170
1482636
1885042
1298359
2155166
1293534
1902701
3227410
2998270
4051753
6560058
1294833
1295242
1294766
1293702
1307389
2072478
1296837
1306785
1292677
1308979
1309011
1293225
1300399
1298976
1303447
1428378
1300916
1785166
1293276
23043659
6030611
1507158
1932889
1298013
1293444
1421051
1444533
1293831
1305051
1294224
1796752
1308118
5323968
1457217
1308848
2028669
2028585
1309203
1994876
1291582
2174535
1295384
2999913
1867335
25819229
1307749
1293019
1295870
20283482
3005387
1863770
1296973
2982853
25760447
1390006
25662063
1295368
1855250
1304859
1296228
1297931
1294388
3428545
3006325
1293916
1532596
1293737
1307286
1302170
1482636
1885042
1298359
2155166
1293534
1902701
3227410
2998270
4051753
6560058
1294833
1295242
1294766
1293702
1307389
2072478
1296837
1306785
1292677
1308979
1309011
1293225
1300399
1298976
1303447
1428378
1300916
1785166
1293276
23043659
6030611
1507158
1308738
1293952
7059561
1308533
1298593
2020530
1300208
1296700
1307164
3095502
1301775
1306957
1297665
1304689
1304671
10757580
1293561
1902700
1917780
4118863
1308432
1293508
25825755
26247311
1294880
1299034
1298377
1297569
1298721
1460846
3036473
1298586
11810348
1764796
1760027
3101548
22265299
1478064
1947080
3041281
3319741
1302753
1437339
3263814
10463991
1302355
11443316
1305394
1300089
1849026
2136477
1298753
1306212
1292598
1304543
26272363
1294962
1293176
1304858
1301444
25772380
1307130
1298406
25917236
1304761
1301600
1308979
1309011
1293225
1300399
1298976
1303447
1428378
1300916
1785166
1293276
23043659
6030611
1507158
1308738
1293952
7059561
1308533
1298593
2020530
1300208
1296700
1307164
3095502
1301775
1306957
1297665
1304689
1304671
10757580
1293561
1902700
1917780
4118863
1308432
1293508
25825755
26247311
1294880
1299034
1298377
1297569
1298721
1460846
3036473
1298586
11810348
1764796
1760027
3101548
22265299
1478064
1947080
3041281
3319741
1302753
1437339
3263814
10463991
1302355
11443316
1305394
1300089
1849026
2136477
1298753
1306212
1292598
1304543
26272363
1294962
1293176
1304858
1301444
25772380
1307130
1298406
25917236
1304761
1301600
26359269
1303492
5180253
3660570
1304237
1297285
1418016
11523500
2024968
1493662
1293008
6874456
6082518
2223596
20326665
1793912
1433673
10827341
4246125
1306737
1309047
1293174
1308950
3176525
1306893
1298694
1308822
1298405
1304132
1293482
1299256
1304522
20552089
1305575
1767113
3057992
1308800
1293450
1902832
1861154
1419949
1401208
1300938
1433330
2129132
2132473
1819388
1401533
1300303
2010975
6053679
1578685
1293317
6070226
2155676
1308773
1299247
1292454
11808948
1296947
3262091
1305010
1302209
1588704
1293446
26220731
1292598
1304543
26272363
1294962
1293176
1304858
1301444
25772380
1307130
1298406
25917236
1304761
1301600
26359269
1303492
5180253
3660570
1304237
1297285
1418016
11523500
2024968
1493662
1293008
6874456
6082518
2223596
20326665
1793912
1433673
10827341
4246125
1306737
1309047
1293174
1308950
3176525
1306893
1298694
1308822
1298405
1304132
1293482
1299256
1304522
20552089
1305575
1767113
3057992
1308800
1293450
1902832
1861154
1419949
1401208
1300938
1433330
2129132
2132473
1819388
1401533
1300303
2010975
6053679
1578685
1293317
6070226
2155676
1308773
1299247
1292454
11808948
1296947
3262091
1305010
1302209
1588704
1293446
26220731
1292453
1294015
2136208
1300343
1294111
1416905
1297753
1295383
1530604
1295829
1420038
1448784
1940309
1458202
1298556
1858799
1916616
2170545
1299829
5308265
10741834
3066739
1835843
1309052
25786077
1607471
1309136
3024838
1294037
1308757
1303773
1428178
1309068
6015756
1470346
1292798
1461919
4075568
1293828
2078159
1498825
1299213
6875863
7052383
25898213
1292640
25753326
1293117
1292834
2972134
5155128
3582181
1304488
3305733
1297489
1301699
2381879
1308542
1770038
1293526
1301541
1304197
1298109
2336785
3993588
3569911
1293317
6070226
2155676
1308773
1299247
1292454
11808948
1296947
3262091
1305010
1302209
1588704
1293446
26220731
1292453
1294015
2136208
1300343
1294111
1416905
1297753
1295383
1530604
1295829
1420038
1448784
1940309
1458202
1298556
1858799
1916616
2170545
1299829
5308265
10741834
3066739
1835843
1309052
25786077
1607471
1309136
3024838
1294037
1308757
1303773
1428178
1309068
6015756
1470346
1292798
1461919
4075568
1293828
2078159
1498825
1299213
6875863
7052383
25898213
1292640
25753326
1293117
1292834
2972134
5155128
3582181
1304488
3305733
1297489
1301699
2381879
1308542
1770038
1293526
1301541
1304197
1298109
2336785
3993588
3569911
21349734
1298525
1293173
1395776
1304643
1298120
7065161
1306802
1482079
1309042
1907465
2133413
1948937
1306609
2074035
1292977
1294853
1902105
1301888
1293072
1962112
2076162
1296942
1293816
1300130
1550450
1294202
1292573
1293540
1297723
1292938
2980437
1337287
1296499
3095684
1304666
3641137
10355332
1293875
1303283
1297401
1300570
1484556
2363876
4301224
3279107
6040982
5323957
3338862
2256034
1295292
1308851
2282449
1306894
1428051
1300659
2028650
1308859
4139888
1307775
3007780
3718709
1299858
2133466
1297280
4813493
1304488
3305733
1297489
1301699
2381879
1308542
1770038
1293526
1301541
1304197
1298109
2336785
3993588
3569911
21349734
1298525
1293173
1395776
1304643
1298120
7065161
1306802
1482079
1309042
1907465
2133413
1948937
1306609
2074035
1292977
1294853
1902105
1301888
1293072
1962112
2076162
1296942
1293816
1300130
1550450
1294202
1292573
1293540
1297723
1292938
2980437
1337287
1296499
3095684
1304666
3641137
10355332
1293875
1303283
1297401
1300570
1484556
2363876
4301224
3279107
6040982
5323957
3338862
2256034
1295292
1308851
2282449
1306894
1428051
1300659
2028650
1308859
4139888
1307775
3007780
3718709
1299858
2133466
1297280
4813493
1482086
1294395
1295432
1482103
3074533
1297050
1298692
1292845
25760247
1294888
1304791
1292948
1793923
1305608
1292567
1294675
25940531
6877725
1293996
1300074
1302187
1292729
2049435
6875263
2257732
3895511
3628370
1585236
3402101
1304338
1972701
2132941
1308837
1994879
2129042
6721670
1298297
1899601
1292843
11502889
1309049
1304602
2042279
1306713
2359497
3011581
1294863
1292590
2042975
1295560
1293605
1292754
1292638
1300324
1464595
1983125
1293476
1298339
1293417
1297063
1308719
5327400
2160018
24879258
24284209
2282449
1306894
1428051
1300659
2028650
1308859
4139888
1307775
3007780
3718709
1299858
2133466
1297280
4813493
1482086
1294395
1295432
1482103
3074533
1297050
1298692
1292845
25760247
1294888
1304791
1292948
1793923
1305608
1292567
1294675
25940531
6877725
1293996
1300074
1302187
1292729
2049435
6875263
2257732
3895511
3628370
1585236
3402101
1304338
1972701
2132941
1308837
1994879
2129042
6721670
1298297
1899601
1292843
11502889
1309049
1304602
2042279
1306713
2359497
3011581
1294863
1292590
2042975
1295560
1293605
1292754
1292638
1300324
1464595
1983125
1293476
1298339
1293417
1297063
1308719
5327400
2160018
24879258
24284209
1299415
1293244
1304767
3075329
6999845
1963112
2189763
1306443
1292919
3233609
1434206
1422970
1296275
1958250
1293895
1296158
1304421
6789721
3592853
4212172
3279080
3001077
11610281
1410556
1293258
4035906
2037833
1295469
1873750
1866424
3205571
1300082
1305071
3066083
1473795
2062677
1309209
1309035
1295746
1300092
1972721
1299662
2041876
1410557
1309057
1946607
1764842
1293438
1302570
10581884
1299284
25931607
3012071
2374470
1305672
1300554
1308756
2042272
19962596
1296039
1293795
1307957
5156619
1305777
2081491
1304348
1292638
1300324
1464595
1983125
1293476
1298339
1293417
1297063
1308719
5327400
2160018
24879258
24284209
1299415
1293244
1304767
3075329
6999845
1963112
2189763
1306443
1292919
3233609
1434206
1422970
1296275
1958250
1293895
1296158
1304421
6789721
3592853
4212172
3279080
3001077
11610281
1410556
1293258
4035906
2037833
1295469
1873750
1866424
3205571
1300082
1305071
3066083
1473795
2062677
1309209
1309035
1295746
1300092
1972721
1299662
2041876
1410557
1309057
1946607
1764842
1293438
1302570
10581884
1299284
25931607
3012071
2374470
1305672
1300554
1308756
2042272
19962596
1296039
1293795
1307957
5156619
1305777
2081491
1304348
1866471
3742937
1300608
1418191
1949328
1460996
1307657
1308978
1309053
1300830
1792917
1309200
1370276
3927791
1299237
1308754
5151890
1925058
1294858
1293345
4901351
1793913
3077734
1297258
1295773
3594463
1441499
1302799
25802211
6104776
3152592
2042273
1297946
1299363
3012010
2129222
1298014
10540210
1306346
1308670
1300354
1296544
3296792
1309103
4889554
2131291
5320233
1297003
4319445
1306610
2027933
1926517
1981645
24879819
1929441
1306998
3166574
3007297
5045804
1309031
1308982
10746436
26330955
1304998
1940508
3835661
2374470
1305672
1300554
1308756
2042272
19962596
1296039
1293795
1307957
5156619
1305777
2081491
1304348
1866471
3742937
1300608
1418191
1949328
1460996
1307657
1308978
1309053
1300830
1792917
1309200
1370276
3927791
1299237
1308754
5151890
1925058
1294858
1293345
4901351
1793913
3077734
1297258
1295773
3594463
1441499
1302799
25802211
6104776
3152592
2042273
1297946
1299363
3012010
2129222
1298014
10540210
1306346
1308670
1300354
1296544
3296792
1309103
4889554
2131291
5320233
1297003
4319445
1306610
2027933
1926517
1981645
24879819
1929441
1306998
3166574
3007297
5045804
1309031
1308982
10746436
26330955
1304998
1940508
3835661
26306997
1292497
1861401
20416699
1421885
1307309
1302097
1297433
2294184
3143633
2138838
2063914
3217149
2997134
6424814
1946882
4301181
1585146
1309044
1302705
1788431
10793610
24753811
3026555
2359499
1307675
2998412
3073071
3004244
4915854
3148956
1958063
1901328
1293092
1306004
1294383
1292930
25728581
1479821
1293137
25815577
1308801
1293149
1307413
1439204
1401534
1294814
2255890
1401531
1305638
1298146
3736675
1766496
1947078
1307445
1296062
1308996
1774354
1465829
3041294
3289081
3264045
1985677
1584750
4816602
1294671
24879819
1929441
1306998
3166574
3007297
5045804
1309031
1308982
10746436
26330955
1304998
1940508
3835661
26306997
1292497
1861401
20416699
1421885
1307309
1302097
1297433
2294184
3143633
2138838
2063914
3217149
2997134
6424814
1946882
4301181
1585146
1309044
1302705
1788431
10793610
24753811
3026555
2359499
1307675
2998412
3073071
3004244
4915854
3148956
1958063
1901328
1293092
1306004
1294383
1292930
25728581
1479821
1293137
25815577
1308801
1293149
1307413
1439204
1401534
1294814
2255890
1401531
1305638
1298146
3736675
1766496
1947078
1307445
1296062
1308996
1774354
1465829
3041294
3289081
3264045
1985677
1584750
4816602
1294671
10047547
1941242
1418187
1297866
1308784
1302344
4745364
3443393
1293690
1292493
3878247
1292333
2223337
1300060
1827027
1305136
1304804
1305779
20502341
3010407
1295827
1293383
2973495
1295917
1776365
1301416
2214143
1292991
1419940
6126442
1307023
11620560
3606973
3267120
6873042
3415993
3699737
1765014
1482505
25772639
21340202
2037958
2973528
1308247
2988509
3233636
10747855
2216968
1306295
3008677
1432879
1297604
2133619
1306723
21339343
3736682
24258766
1306958
1300162
24913189
3002806
2132316
1308780
1422931
5150851
7052995
1947078
1307445
1296062
1308996
1774354
1465829
3041294
3289081
3264045
1985677
1584750
4816602
1294671
10047547
1941242
1418187
1297866
1308784
1302344
4745364
3443393
1293690
1292493
3878247
1292333
2223337
1300060
1827027
1305136
1304804
1305779
20502341
3010407
1295827
1293383
2973495
1295917
1776365
1301416
2214143
1292991
1419940
6126442
1307023
11620560
3606973
3267120
6873042
3415993
3699737
1765014
1482505
25772639
21340202
2037958
2973528
1308247
2988509
3233636
10747855
2216968
1306295
3008677
1432879
1297604
2133619
1306723
21339343
3736682
24258766
1306958
1300162
24913189
3002806
2132316
1308780
1422931
5150851
7052995
1294894
4078562
3156117
1422913
1950454
2364051
1309056
1295670
1304554
1305783
1947680
1892161
1761520
2090440
1299373
1866826
1301448
1578465
1309150
20278174
1849905
4013843
1295470
2131654
2083735
3157583
3279093
3285073
1436680
5154496
3578715
5294298
1308566
1296279
1939774
3090455
4824515
1949761
1308772
3002820
1309193
5337555
1482083
1322850
1839855
1437332
1887110
1790502
2133574
1916854
1810604
1452121
2134868
2162919
6533054
1307740
5967821
25794212
10511636
10440076
5153144
21362716
2049689
2969402
6435936
2977731
20 10
1306723
21339343
3736682
24258766
1306958
1300162
24913189
3002806
2132316
1308780
1422931
5150851
7052995
1294894
4078562
3156117
1422913
1950454
2364051
1309056
1295670
1304554
1305783
1947680
1892161
1761520
2090440
1299373
1866826
1301448
1578465
1309150
20278174
1849905
4013843
1295470
2131654
2083735
3157583
3279093
3285073
1436680
5154496
3578715
5294298
1308566
1296279
1939774
3090455
4824515
1949761
1308772
3002820
1309193
5337555
1482083
1322850
1839855
1437332
1887110
1790502
2133574
1916854
1810604
1452121
2134868
2162919
6533054
1307740
5967821
25794212
10511636
10440076
5153144
21362716
2049689
2969402
6435936
2977731
1920730
1950427
1308585
25980500
2244739
10738133
3284386
1307662
1907838
3927761
25908941
1818290
2082014
26373522
3676431
1937116
26417423
26320029
1433678
6959152
10546762
20443571
2159244
3008655
1388219
6878229
1984741
3816983
3057784
1869190
2287735
3103708
1307868
10439805
1309065
2996642
4058963
20388974
1307266
25829264
2133289
5173651
24298333
6828823
3017651
1302786
1308998
3008263
6428516
1811755
19976260
25858762
1970390
1293010
1299717
26302912
1450060
24879839
1997679
1308811
5154799
5327463
4126925
7056398
10460130
3091271
2162919
6533054
1307740
5967821
25794212
10511636
10440076
5153144
21362716
2049689
2969402
6435936
2977731
1920730
1950427
1308585
25980500
2244739
10738133
3284386
1307662
1907838
3927761
25908941
1818290
2082014
26373522
3676431
1937116
26417423
26320029
1433678
6959152
10546762
20443571
2159244
3008655
1388219
6878229
1984741
3816983
3057784
1869190
2287735
3103708
1307868
10439805
1309065
2996642
4058963
20388974
1307266
25829264
2133289
5173651
24298333
6828823
3017651
1302786
1308998
3008263
6428516
1811755
19976260
25858762
1970390
1293010
1299717
26302912
1450060
24879839
1997679
1308811
5154799
5327463
4126925
7056398
10460130
3091271
1316682
26348959
7057975
26638439
2364094
1316532
1939414
1303693
2298964
1304645
1979059
1798310
5155021
1307186
3006123
1793915
1858270
1960313
20277285
3014399
1972713
3804708
24697538
1852037
2325873
1422938
1926795
1961696
5157188
25732529
1959117
2363919
6946773
3160325
26593244
5154606
1304140
25834383
3124149
2997155
24859795
5382887
1794438
26220735
6873851
20411172
24522852
5168675
11594985
25903047
25908042
6890737
23249761
1428179
1441293
26274132
1795037
26387741
26306929
25895278
25823531
3011606
3556727
10764042
4117335
24827406
1293010
1299717
26302912
1450060
24879839
1997679
1308811
5154799
5327463
4126925
7056398
10460130
3091271
1316682
26348959
7057975
26638439
2364094
1316532
1939414
1303693
2298964
1304645
1979059
1798310
5155021
1307186
3006123
1793915
1858270
1960313
20277285
3014399
1972713
3804708
24697538
1852037
2325873
1422938
1926795
1961696
5157188
25732529
1959117
2363919
6946773
3160325
26593244
5154606
1304140
25834383
3124149
2997155
24859795
5382887
1794438
26220735
6873851
20411172
24522852
5168675
11594985
25903047
25908042
6890737
23249761
1428179
1441293
26274132
1795037
26387741
26306929
25895278
25823531
3011606
3556727
10764042
4117335
24827406
1851480
5160720
24751765
25845586
5150156
3558655
25820625
4014396
1457319
25962732
3811388
25804446
10799213
2257557
3305722
6957273
5355365
25884865
26358025
25702580
26005668
25719521
2310144
2997045
5951224
25918626
24532580
3152593
20369263
6849071
26379074
25852270
26322813
26279449
6078953
5153061
24325765
3026402
25960739
6511706
2130529
6999256
10756744
10581450
25982512
3018350
5364905
25904357
5337532
6886470
26365745
26430099
25969095
24857845
25745849
25844581
5948595
26416155
4022010