1303408
1291561
1418019
1293749
1292213
1291560
1291552
1303525
1929463
1291583
2129039
1299398
1291571
1291572
1291936
1293846
1428236
1308807
1297359
1858711
1291585
5989818
1307315
11584019
1890572
1307897
1310179
1305605
1301777
1295656
1299227
1297503
2240587
5045678
1786569
1292370
1485260
2353023
1291545
4202302
1300374
1395091
1306982
1292994
1292784
1307508
1466085
1477924
1845698
1652587
3011235
1291579
10577869
7064681
1299112
1299900
1293993
1308366
1306255
1477317
1305235
1302814
1916935
1298070
1295038
1294638
1300613
1292529
1395080
1292504
1361276
1303577
1421884
1303554
1436764
1481913
1460443
1760622
1307811
1308777
1301948
3212221
1293718
1294827
1302133
1298385
1305817
2382969
1299701
1303556
1498629
1441134
2052298
1299144
26277313
4202982
1303394
1299327
10741643
24879820
1291838
1291877
1303907
1297151
1293234
1302770
1303364
1300549
1310178
1305388
6877520
1296791
1845698
1652587
3011235
1291579
10577869
7064681
1299112
1299900
1293993
1308366
1306255
1477317
1305235
1302814
1916935
1298070
1295038
1294638
1300613
1292529
1395080
1292504
1361276
1303577
1421884
1303554
1436764
1481913
1460443
1760622
1307811
1308777
1301948
3212221
1293718
1294827
1302133
1298385
1305817
2382969
1299701
1303556
1498629
1441134
2052298
1299144
26277313
4202982
1303394
1299327
10741643
24879820
1291838
1291877
1303907
1297151
1293234
1302770
1303364
1300549
1310178
1305388
6877520
1296791
1401905
1292658
1306179
1299330
1293608
1301310
1422888
1302272
11606328
2973079
1793491
1959877
1293203
1297131
1297995
2076181
1293120
1292279
1296538
1308841
1303462
1300912
1293823
1303083
1304981
2225432
1306021
1401521
1292863
1966182
1309060
1315574
4319218
1863766
20645098
1309078
1301886
1306666
1307931
1294461
1292625
1292757
1305217
25958704
1441863
24718965
1294457
1296684
1293191
5938000
1306450
1303340
1291877
1303907
1297151
1293234
1302770
1303364
1300549
1310178
1305388
6877520
1296791
1401905
1292658
1306179
1299330
1293608
1301310
1422888
1302272
11606328
2973079
1793491
1959877
1293203
1297131
1297995
2076181
1293120
1292279
1296538
1308841
1303462
1300912
1293823
1303083
1304981
2225432
1306021
1401521
1292863
1966182
1309060
1315574
4319218
1863766
20645098
1309078
1301886
1306666
1307931
1294461
1292625
1292757
1305217
25958704
1441863
24718965
1294457
1296684
1293191
5938000
1306450
1303340
1457127
1950821
1874704
1304590
1303263
1295320
5154001
1296369
1761478
1918087
1309034
1300028
1309002
1292509
1866479
1418192
1296996
1291544
1309055
1292212
1919245
1440703
1294362
3769423
1297756
1299513
1302661
24723061
1293098
1292765
1293925
1808049
1805685
1301996
1401904
1293871
1304508
1297441
1292485
1417050
2059819
3136240
1300749
1308018
1465471
3321892
1302362
1432780
1292593
3077412
1309101
1291581
1304970
1305217
25958704
1441863
24718965
1294457
1296684
1293191
5938000
1306450
1303340
1457127
1950821
1874704
1304590
1303263
1295320
5154001
1296369
1761478
1918087
1309034
1300028
1309002
1292509
1866479
1418192
1296996
1291544
1309055
1292212
1919245
1440703
1294362
3769423
1297756
1299513
1302661
24723061
1293098
1292765
1293925
1808049
1805685
1301996
1401904
1293871
1304508
1297441
1292485
1417050
2059819
3136240
1300749
1308018
1465471
3321892
1302362
1432780
1292593
3077412
1309101
1291581
1304970
1294990
1291574
1306526
1297785
1457218
1783462
1297110
1305084
1293212
1293179
1301887
1815504
3161007
3069345
1970713
3036469
1293648
2150082
1467779
1407148
1296148
1958499
1294631
1306385
1303578
1718176
2051007
1297570
1767042
3269068
6844868
1972698
1860745
1299769
4812830
1310159
1292780
3819871
1303917
1759371
1299800
3036477
1306513
1307991
1306581
1293209
1296646
1295913
1293358
1434239
1301604
1299485
3065307
1308018
1465471
3321892
1302362
1432780
1292593
3077412
1309101
1291581
1304970
1294990
1291574
1306526
1297785
1457218
1783462
1297110
1305084
1293212
1293179
1301887
1815504
3161007
3069345
1970713
3036469
1293648
2150082
1467779
1407148
1296148
1958499
1294631
1306385
1303578
1718176
2051007
1297570
1767042
3269068
6844868
1972698
1860745
1299769
4812830
1310159
1292780
3819871
1303917
1759371
1299800
3036477
1306513
1307991
1306581
1293209
1296646
1295913
1293358
1434239
1301604
1299485
3065307
1401890
1401570
1868729
1885124
1295229
1309021
1474180
1296078
1299765
1293765
2968813
1443650
21350559
1295933
2004482
1900121
1308379
1918208
1322847
1295227
3091572
1859845
1293639
1308281
1302279
1293779
1308698
1305606
1414808
1472301
1293444
1437094
1856886
1420077
1296182
1308720
1832143
1291543
1457217
2028677
1474185
1853176
2028585
1291582
1305541
1867335
2330733
20283482
3005387
6875451
1297317
1858678
1296925
1307991
1306581
1293209
1296646
1295913
1293358
1434239
1301604
1299485
3065307
1401890
1401570
1868729
1885124
1295229
1309021
1474180
1296078
1299765
1293765
2968813
1443650
21350559
1295933
2004482
1900121
1308379
1918208
1322847
1295227
3091572
1859845
1293639
1308281
1302279
1293779
1308698
1305606
1414808
1472301
1293444
1437094
1856886
1420077
1296182
1308720
1832143
1291543
1457217
2028677
1474185
1853176
2028585
1291582
1305541
1867335
2330733
20283482
3005387
6875451
1297317
1858678
1296925
1301686
25760447
1295368
10545930
1294388
1299097
1294070
3012060
1293737
6965624
1845260
3155975
2082025
1965999
1902701
1302680
2124724
6517421
3227410
1466007
6560058
1295242
1295318
21327493
1306785
5977478
1308979
26235839
1866462
1461351
25767747
1428378
1308738
1293113
1298596
26258752
1298593
1302145
1303460
3101734
2020530
1296700
1302654
1439919
1306957
1902700
1917780
1303728
1308432
1298377
1308177
1304201
1303252
1291582
1305541
1867335
2330733
20283482
3005387
6875451
1297317
1858678
1296925
1301686
25760447
1295368
10545930
1294388
1299097
1294070
3012060
1293737
6965624
1845260
3155975
2082025
1965999
1902701
1302680
2124724
6517421
3227410
1466007
6560058
1295242
1295318
21327493
1306785
5977478
1308979
26235839
1866462
1461351
25767747
1428378
1308738
1293113
1298596
26258752
1298593
1302145
1303460
3101734
2020530
1296700
1302654
1439919
1306957
1902700
1917780
1303728
1308432
1298377
1308177
1304201
1303252
1460846
1859322
2268359
1306612
1297018
3102668
3036473
1298586
1307527
1764796
1304485
1307955
2139553
1428877
3041281
11499033
3671986
5265471
3263814
3534824
11443316
1302927
1292906
1475572
1300089
1292474
2136477
3189911
1298688
1299767
1307130
1441644
1306045
1298022
1418016
2024968
25870084
1291555
20326665
2159331
1422920
1433673
1298040
4246125
1293171
1883701
3176525
1771925
2159676
1419992
1295576
1299256
1292612
1439919
1306957
1902700
1917780
1303728
1308432
1298377
1308177
1304201
1303252
1460846
1859322
2268359
1306612
1297018
3102668
3036473
1298586
1307527
1764796
1304485
1307955
2139553
1428877
3041281
11499033
3671986
5265471
3263814
3534824
11443316
1302927
1292906
1475572
1300089
1292474
2136477
3189911
1298688
1299767
1307130
1441644
1306045
1298022
1418016
2024968
25870084
1291555
20326665
2159331
1422920
1433673
1298040
4246125
1293171
1883701
3176525
1771925
2159676
1419992
1295576
1299256
1292612
1301716
20552089
1294654
2278795
1303897
1925035
1298584
1305575
1484633
1304007
6539431
19955769
1306875
1902832
1986504
1419949
1482869
1301641
1301656
1433330
5993185
1819388
6053679
1578685
2155676
2149804
1294789
1451911
1297970
1297715
1304091
3025673
1853768
3574495
2267372
3262091
1421976
1305010
1306795
1302209
1472783
1298947
1292736
1300343
1304044
1298695
1292739
1421886
10430817
22994672
1296894
1458202
1858799
1298040
4246125
1293171
1883701
3176525
1771925
2159676
1419992
1295576
1299256
1292612
1301716
20552089
1294654
2278795
1303897
1925035
1298584
1305575
1484633
1304007
6539431
19955769
1306875
1902832
1986504
1419949
1482869
1301641
1301656
1433330
5993185
1819388
6053679
1578685
2155676
2149804
1294789
1451911
1297970
1297715
1304091
3025673
1853768
3574495
2267372
3262091
1421976
1305010
1306795
1302209
1472783
1298947
1292736
1300343
1304044
1298695
1292739
1421886
10430817
22994672
1296894
1458202
1858799
1400692
5308265
10741834
1835843
1792928
1308570
1309052
1300498
1793909
1294927
1892531
1309136
1971111
1302977
1482107
7065417
1294929
1307371
1297148
7052383
1292640
1433183
1304541
3001142
1293117
3446003
2972134
1963512
1293932
1299859
1296186
1297489
20426918
1293451
1301699
2381879
3114033
1308542
6984039
1770038
1293762
1298109
25723907
2336785
21349734
1293173
1298120
2158222
1295078
1306802
1482079
1302673
1303910
1292736
1300343
1304044
1298695
1292739
1421886
10430817
22994672
1296894
1458202
1858799
1400692
5308265
10741834
1835843
1792928
1308570
1309052
1300498
1793909
1294927
1892531
1309136
1971111
1302977
1482107
7065417
1294929
1307371
1297148
7052383
1292640
1433183
1304541
3001142
1293117
3446003
2972134
1963512
1293932
1299859
1296186
1297489
20426918
1293451
1301699
2381879
3114033
1308542
6984039
1770038
1293762
1298109
25723907
2336785
21349734
1293173
1298120
2158222
1295078
1306802
1482079
1302673
1303910
1718162
1948937
1783461
1414803
25845910
2422588
1305915
2338056
1302233
1401600
3168672
1337287
3749172
6959177
3095684
1885119
1293042
1293875
1304933
4301224
1418189
2256034
1308851
3078386
2282449
1306894
2336735
1309086
1305804
3071461
1307775
3007780
2416910
1306712
1307221
1297280
1436998
1307706
2367830
1422908
1303407
1298692
3231823
1299111
1306665
10543667
6124111
1305142
25760247
1299612
1440583
1294888
6864262
25723907
2336785
21349734
1293173
1298120
2158222
1295078
1306802
1482079
1302673
1303910
1718162
1948937
1783461
1414803
25845910
2422588
1305915
2338056
1302233
1401600
3168672
1337287
3749172
6959177
3095684
1885119
1293042
1293875
1304933
4301224
1418189
2256034
1308851
3078386
2282449
1306894
2336735
1309086
1305804
3071461
1307775
3007780
2416910
1306712
1307221
1297280
1436998
1307706
2367830
1422908
1303407
1298692
3231823
1299111
1306665
10543667
6124111
1305142
25760247
1299612
1440583
1294888
6864262
1292948
1578715
1789665
1300801
1292567
1300773
1300074
1949312
6875263
2257732
3628370
1585236
1509868
3104798
2132941
3893805
2129042
6721670
1427947
1304602
2042279
1773614
2359497
1305386
2042975
1304021
1983125
1481233
1461068
1307576
1293417
1301056
1298214
2160018
2173673
1293244
6864436
1308729
1293684
3233609
3792869
1300751
1479860
1472749
1304421
1914652
1295469
1873750
1866424
1300082
1297363
1887829
1301711
3231823
1299111
1306665
10543667
6124111
1305142
25760247
1299612
1440583
1294888
6864262
1292948
1578715
1789665
1300801
1292567
1300773
1300074
1949312
6875263
2257732
3628370
1585236
1509868
3104798
2132941
3893805
2129042
6721670
1427947
1304602
2042279
1773614
2359497
1305386
2042975
1304021
1983125
1481233
1461068
1307576
1293417
1301056
1298214
2160018
2173673
1293244
6864436
1308729
1293684
3233609
3792869
1300751
1479860
1472749
1304421
1914652
1295469
1873750
1866424
1300082
1297363
1887829
1301711
3440481
1920907
1300926
1293760
1301367
1309057
1954775
2303817
1295636
1439241
1401601
1305708
2133313
1432288
3012071
1306602
1419661
2374470
2042272
1299552
10733937
1307246
1301764
1428995
6129642
4913200
1866471
1308111
1418191
1304038
1297659
1460996
3990098
1307657
1867332
1308978
1309053
1792917
1295638
1370276
1294564
3788587
1419924
1303497
4280102
1997938
4264700
24849703
1793913
2988846
3005375
1522327
1479860
1472749
1304421
1914652
1295469
1873750
1866424
1300082
1297363
1887829
1301711
3440481
1920907
1300926
1293760
1301367
1309057
1954775
2303817
1295636
1439241
1401601
1305708
2133313
1432288
3012071
1306602
1419661
2374470
2042272
1299552
10733937
1307246
1301764
1428995
6129642
4913200
1866471
1308111
1418191
1304038
1297659
1460996
3990098
1307657
1867332
1308978
1309053
1792917
1295638
1370276
1294564
3788587
1419924
1303497
4280102
1997938
4264700
24849703
1793913
2988846
3005375
1522327
1421779
3152592
2042273
1297946
1297010
1306461
1291871
1298669
1695241
1298014
1300354
3148027
3289086
1309103
4889554
2131291
5320233
1580620
1306610
6870493
2042973
25788954
1981645
4706257
1306998
5029050
1864491
3007297
1882503
1940508
1293185
2125241
1295447
1826148
1292497
1964707
1300385
1421885
1905459
3007808
1302097
25967447
1302721
25805054
1585146
1482077
1427834
6039412
6037517
1778999
1958063
1305463
10581908
1419924
1303497
4280102
1997938
4264700
24849703
1793913
2988846
3005375
1522327
1421779
3152592
2042273
1297946
1297010
1306461
1291871
1298669
1695241
1298014
1300354
3148027
3289086
1309103
4889554
2131291
5320233
1580620
1306610
6870493
2042973
25788954
1981645
4706257
1306998
5029050
1864491
3007297
1882503
1940508
1293185
2125241
1295447
1826148
1292497
1964707
1300385
1421885
1905459
3007808
1302097
25967447
1302721
25805054
1585146
1482077
1427834
6039412
6037517
1778999
1958063
1305463
10581908
21332449
25728581
1479821
1294995
1578484
1962057
1782017
1439204
1295796
2154734
3210963
25890082
1401531
1298146
1307445
1305558
2334111
1806563
2063034
3289081
1985677
1584750
2227293
4816602
4326412
1941242
1418187
10562987
2364973
3012819
1304977
3011460
4892634
6860303
1295955
2023864
3875184
1827027
1987408
1305136
3073050
1302648
2003667
2973495
1479816
1456496
1300438
1776365
2130988
1301416
1306677
1292991
1961963
25805054
1585146
1482077
1427834
6039412
6037517
1778999
1958063
1305463
10581908
21332449
25728581
1479821
1294995
1578484
1962057
1782017
1439204
1295796
2154734
3210963
25890082
1401531
1298146
1307445
1305558
2334111
1806563
2063034
3289081
1985677
1584750
2227293
4816602
4326412
1941242
1418187
10562987
2364973
3012819
1304977
3011460
4892634
6860303
1295955
2023864
3875184
1827027
1987408
1305136
3073050
1302648
2003667
2973495
1479816
1456496
1300438
1776365
2130988
1301416
1306677
1292991
1961963
1307023
3566266
3606973
3267120
1308338
1468154
3415993
1482505
25772639
1306601
1309125
1301278
2037958
4853478
10747855
2018254
3008677
1432879
1908327
1303998
1293441
2009359
2298840
3002806
1296766
2239246
1422931
3718323
2147872
1305060
3006775
1950454
2364051
21354138
1304154
1304532
1921356
6780857
2132083
1307644
1299373
1957940
1299865
1297438
1293473
1578465
1309150
20278174
1849905
5244258
4013843
2131654
3262050
2973495
1479816
1456496
1300438
1776365
2130988
1301416
1306677
1292991
1961963
1307023
3566266
3606973
3267120
1308338
1468154
3415993
1482505
25772639
1306601
1309125
1301278
2037958
4853478
10747855
2018254
3008677
1432879
1908327
1303998
1293441
2009359
2298840
3002806
1296766
2239246
1422931
3718323
2147872
1305060
3006775
1950454
2364051
21354138
1304154
1304532
1921356
6780857
2132083
1307644
1299373
1957940
1299865
1297438
1293473
1578465
1309150
20278174
1849905
5244258
4013843
2131654
3262050
10573695
3264229
1294519
1309067
3285073
1304798
1302638
4728342
2059354
1437554
1437037
3578715
1299957
1305335
3614990
1918601
1298450
1305037
1302033
1772850
4218768
1305713
3090455
4824515
1949761
2123510
1309193
2118538
1295703
2296544
4109918
1408137
1493920
1887110
2245452
25901395
1810604
3011088
3077793
5996800
5967821
3914500
4014405
10440076
1308771
1308110
3182856
21362716
2969402
1950427
2244739
1474302
1307662
1297438
1293473
1578465
1309150
20278174
1849905
5244258
4013843
2131654
3262050
10573695
3264229
1294519
1309067
3285073
1304798
1302638
4728342
2059354
1437554
1437037
3578715
1299957
1305335
3614990
1918601
1298450
1305037
1302033
1772850
4218768
1305713
3090455
4824515
1949761
2123510
1309193
2118538
1295703
2296544
4109918
1408137
1493920
1887110
2245452
25901395
1810604
3011088
3077793
5996800
5967821
3914500
4014405
10440076
1308771
1308110
3182856
21362716
2969402
1950427
2244739
1474302
1307662
1305187
1907838
1437107
1296820
25908941
20395435
1304284
26320029
3131599
1433678
1307311
10546762
1426819
20443571
3008655
1388219
1303714
10755697
24321268
1308591
1984741
1767952
20278200
3229507
1307868
3326730
10439805
2996642
3126138
25832758
1441473
4185683
1966105
11638862
2212190
3017651
1308998
1419962
1937113
1305121
6389522
1299717
3128595
1450060
24879839
1997679
1308811
5327463
2295401
3077408
4126925
2082012
11639636
10440076
1308771
1308110
3182856
21362716
2969402
1950427
2244739
1474302
1307662
1305187
1907838
1437107
1296820
25908941
20395435
1304284
26320029
3131599
1433678
1307311
10546762
1426819
20443571
3008655
1388219
1303714
10755697
24321268
1308591
1984741
1767952
20278200
3229507
1307868
3326730
10439805
2996642
3126138
25832758
1441473
4185683
1966105
11638862
2212190
3017651
1308998
1419962
1937113
1305121
6389522
1299717
3128595
1450060
24879839
1997679
1308811
5327463
2295401
3077408
4126925
2082012
11639636
5163094
1308984
1958282
26638439
1316532
20284872
1939414
3711760
1439890
2298964
2132924
25788112
1304645
4092661
3182495
3118551
3928370
3680627
4154632
25741354
1983590
2983986
10827151
1852037
2325873
20442985
1961696
1428109
1959117
4166487
2363919
6946773
5327071
3124149
4942778
10604892
2997155
1758336
5382887
26220735
24719177
21328120
25903047
1921686
1428179
1441293
1755503
26387741
1878486
1419969
5194471
25895278
4603376
3128595
1450060
24879839
1997679
1308811
5327463
2295401
3077408
4126925
2082012
11639636
5163094
1308984
1958282
26638439
1316532
20284872
1939414
3711760
1439890
2298964
2132924
25788112
1304645
4092661
3182495
3118551
3928370
3680627
4154632
25741354
1983590
2983986
10827151
1852037
2325873
20442985
1961696
1428109
1959117
4166487
2363919
6946773
5327071
3124149
4942778
10604892
2997155
1758336
5382887
26220735
24719177
21328120
25903047
1921686
1428179
1441293
1755503
26387741
1878486
1419969
5194471
25895278
4603376
3556727
2042932
25713420
6717575
26263437
1851480
5160720
1811479
5317291
24751765
25945356
25820625
4713984
25962732
6068516
2009342
3296793
10799213
10048734
10807916
5355365
2310144
2997045
5156833
25918626
1418770
2363962
3152593
6973460
20369263
24381850
20515018
10756728
26322813
25728734
6078953
24325765
3026402
5161713
6511706
4913222
26365745
26430099
25844581
26598601
20429112
4022010