4215755
2131459
3541415
1889243
4144683
1851857
1291936
1870128
1309046
1291585
1865703
1307897
1298107
1295656
23338330
1292343
1291843
1937946
1300117
1292347
1306982
1294366
1947265
1477924
25839041
1652587
11026735
1302827
1293863
1291989
5162334
3395373
3592854
2300586
1294638
1291844
3073124
1292226
1306607
1292529
1950233
1296610
2131787
1460443
1452487
25864085
1292233
1302467
1300555
1303164
1300977
3903715
1299701
3228134
3075287
6722879
1304141
25807345
1294183
1293838
1295647
1300282
1297151
1302770
1291564
1291569
1300549
1432779
2150085
1899630
10485647
1972729
2076181
1296528
1422063
1299092
1296666
1293823
1301899
1308236
1467778
1294209
1307249
1295897
1294885
1949570
1794171
3006772
4746257
4915857
3168089
1309069
1292267
1950233
1296610
2131787
1460443
1452487
25864085
1292233
1302467
1300555
1303164
1300977
3903715
1299701
3228134
3075287
6722879
1304141
25807345
1294183
1293838
1295647
1300282
1297151
1302770
1291564
1291569
1300549
1432779
2150085
1899630
10485647
1972729
2076181
1296528
1422063
1299092
1296666
1293823
1301899
1308236
1467778
1294209
1307249
1295897
1294885
1949570
1794171
3006772
4746257
4915857
3168089
1309069
1292267
1309078
1291839
1299560
24718965
1306450
1457127
1301678
1304204
2150083
1300959
1293893
4089685
1866479
3530403
3274505
7065154
1308779
6390823
3642843
1305903
1293013
1298744
1294362
1296697
1807495
1293325
1296109
3136240
1823218
1916631
3321892
1301445
1292523
1308843
1293531
2132932
1300656
1381964
1297785
1307547
1436711
2150082
1467779
1292519
1294885
1949570
1794171
3006772
4746257
4915857
3168089
1309069
1292267
1309078
1291839
1299560
24718965
1306450
1457127
1301678
1304204
2150083
1300959
1293893
4089685
1866479
3530403
3274505
7065154
1308779
6390823
3642843
1305903
1293013
1298744
1294362
1296697
1807495
1293325
1296109
3136240
1823218
1916631
3321892
1301445
1292523
1308843
1293531
2132932
1300656
1381964
1297785
1307547
1436711
2150082
1467779
1292519
1295915
3451746
3793783
1432146
1820156
1945330
1306809
1300868
1972698
1293792
2046839
1292332
1293778
1293656
1423031
1295923
26588820
1773065
3005875
2146991
10440138
1866473
1297689
3321409
1292769
1789283
1291576
1296794
1293316
1301849
1322847
1297666
1293572
1528848
1299888
1316524
1523682
1421879
1470155
1482688
1293885
1302012
1766124
1796752
5323968
1300656
1381964
1297785
1307547
1436711
2150082
1467779
1292519
1295915
3451746
3793783
1432146
1820156
1945330
1306809
1300868
1972698
1293792
2046839
1292332
1293778
1293656
1423031
1295923
26588820
1773065
3005875
2146991
10440138
1866473
1297689
3321409
1292769
1789283
1291576
1296794
1293316
1301849
1322847
1297666
1293572
1528848
1299888
1316524
1523682
1421879
1470155
1482688
1293885
1302012
1766124
1796752
5323968
1295250
1305724
1308752
20278505
1295384
2999913
10549480
5346468
1440283
1295870
24696982
1308983
1301419
1863770
2123782
2982853
25760447
1305970
6432898
25662063
26361257
2299238
1294388
1293782
1296030
1293534
3231742
3642835
7046723
1295280
1401524
4160540
1293702
1299153
1294791
1305566
20514947
1298976
1303447
1300916
6875402
1295783
6030611
1298593
1523682
1421879
1470155
1482688
1293885
1302012
1766124
1796752
5323968
1295250
1305724
1308752
20278505
1295384
2999913
10549480
5346468
1440283
1295870
24696982
1308983
1301419
1863770
2123782
2982853
25760447
1305970
6432898
25662063
26361257
2299238
1294388
1293782
1296030
1293534
3231742
3642835
7046723
1295280
1401524
4160540
1293702
1299153
1294791
1305566
20514947
1298976
1303447
1300916
6875402
1295783
6030611
1298593
1293853
1915381
1812876
1302724
1296929
1293166
1440151
2031628
25691367
1294880
1298377
1297569
1303252
1828616
1481108
1460846
1859322
1306612
1978369
1307527
1764796
1306662
2132412
3101548
3114109
2144242
2336783
25774050
1478064
1309088
2160611
1302355
1305394
1300089
2988294
1298753
1292598
1298688
1741924
1304436
1299767
1441644
1293165
1308494
1305566
20514947
1298976
1303447
1300916
6875402
1295783
6030611
1298593
1293853
1915381
1812876
1302724
1296929
1293166
1440151
2031628
25691367
1294880
1298377
1297569
1303252
1828616
1481108
1460846
1859322
1306612
1978369
1307527
1764796
1306662
2132412
3101548
3114109
2144242
2336783
25774050
1478064
1309088
2160611
1302355
1305394
1300089
2988294
1298753
1292598
1298688
1741924
1304436
1299767
1441644
1293165
1308494
1297907
1294801
1789716
1493662
6874456
6082518
2223596
1291555
20326665
3041269
1422920
10827341
1299054
3026572
1293515
1293171
2265778
2301242
5160385
1308993
1298405
22519250
1293482
1304522
1293103
1306078
3894510
1295834
1293450
1401208
1292813
1293879
1306111
2129132
3071441
2132473
6846893
1300303
1308715
3011617
1297715
1293073
3262091
1306795
1298753
1292598
1298688
1741924
1304436
1299767
1441644
1293165
1308494
1297907
1294801
1789716
1493662
6874456
6082518
2223596
1291555
20326665
3041269
1422920
10827341
1299054
3026572
1293515
1293171
2265778
2301242
5160385
1308993
1298405
22519250
1293482
1304522
1293103
1306078
3894510
1295834
1293450
1401208
1292813
1293879
1306111
2129132
3071441
2132473
6846893
1300303
1308715
3011617
1297715
1293073
3262091
1306795
2035642
1302209
1295858
1292453
1294015
1305793
1307800
1295383
1295276
1296140
1793914
1751547
1304722
1304106
1305914
1437495
3610047
10741834
3771562
3066739
1792928
1300498
1482911
1793909
1763134
1294037
1306421
1297929
1309068
2970087
1296459
1299213
1417084
1292680
10536969
1308523
3024983
3446003
3988857
2298983
1293443
1293932
1299859
1298727
2132473
6846893
1300303
1308715
3011617
1297715
1293073
3262091
1306795
2035642
1302209
1295858
1292453
1294015
1305793
1307800
1295383
1295276
1296140
1793914
1751547
1304722
1304106
1305914
1437495
3610047
10741834
3771562
3066739
1792928
1300498
1482911
1793909
1763134
1294037
1306421
1297929
1309068
2970087
1296459
1299213
1417084
1292680
10536969
1308523
3024983
3446003
3988857
2298983
1293443
1293932
1299859
1298727
1297489
1302481
1293762
1301541
24404677
3569911
1395776
1305333
1304643
1316693
1293131
1303910
1780168
1306609
1438337
11538048
1962112
1293330
1293433
1292599
1295903
1293904
1299209
1292832
1790198
1295708
1298572
26599752
1303283
2059276
11516686
1299440
4924142
5323957
3338862
3569943
1295292
6053731
1300659
2028650
1308859
1294353
1849371
1298574
1308523
3024983
3446003
3988857
2298983
1293443
1293932
1299859
1298727
1297489
1302481
1293762
1301541
24404677
3569911
1395776
1305333
1304643
1316693
1293131
1303910
1780168
1306609
1438337
11538048
1962112
1293330
1293433
1292599
1295903
1293904
1299209
1292832
1790198
1295708
1298572
26599752
1303283
2059276
11516686
1299440
4924142
5323957
3338862
3569943
1295292
6053731
1300659
2028650
1308859
1294353
1849371
1298574
3094696
1294395
1296702
1295432
24857986
1297050
3231823
25777785
1304791
1292948
1789665
1939689
2043156
1300801
1292567
1294675
1292729
3179706
2049435
21349345
3895511
1866475
1917074
1304338
1308769
2993217
1972732
1294893
2129042
4086853
25774051
1309049
10462705
3041261
1304602
2042279
2133368
6857606
2359497
3195759
1305386
1295560
1293878
1983125
3569943
1295292
6053731
1300659
2028650
1308859
1294353
1849371
1298574
3094696
1294395
1296702
1295432
24857986
1297050
3231823
25777785
1304791
1292948
1789665
1939689
2043156
1300801
1292567
1294675
1292729
3179706
2049435
21349345
3895511
1866475
1917074
1304338
1308769
2993217
1972732
1294893
2129042
4086853
25774051
1309049
10462705
3041261
1304602
2042279
2133368
6857606
2359497
3195759
1305386
1295560
1293878
1983125
1307669
1298339
1304209
2259312
1304697
2173673
25941964
1862346
1292919
2222997
1422205
1296275
20378832
1958250
1293895
1296158
19897413
1304421
3592853
1410556
2037833
3077413
1305306
1295746
1300092
1297611
1293364
1298041
1294732
10555084
1297773
1293760
7162552
1300371
1306916
1298065
3262111
1302570
1473078
1300149
1417045
1299284
2133564
1305708
3012071
2133368
6857606
2359497
3195759
1305386
1295560
1293878
1983125
1307669
1298339
1304209
2259312
1304697
2173673
25941964
1862346
1292919
2222997
1422205
1296275
20378832
1958250
1293895
1296158
19897413
1304421
3592853
1410556
2037833
3077413
1305306
1295746
1300092
1297611
1293364
1298041
1294732
10555084
1297773
1293760
7162552
1300371
1306916
1298065
3262111
1302570
1473078
1300149
1417045
1299284
2133564
1305708
3012071
1309166
1305672
1309111
2042272
1293454
1300209
1296012
1428995
26557880
7054604
3742937
2354729
10810745
1418191
1949328
3103186
1293470
1309200
3097525
1370276
1482051
23767433
3009053
1308754
4275444
1304496
1297650
1292626
3594463
1304740
2988846
1302799
1298717
5967755
1307716
3152592
1915382
2042273
1297946
1401312
1302578
1298855
1301050
1300354
3262111
1302570
1473078
1300149
1417045
1299284
2133564
1305708
3012071
1309166
1305672
1309111
2042272
1293454
1300209
1296012
1428995
26557880
7054604
3742937
2354729
10810745
1418191
1949328
3103186
1293470
1309200
3097525
1370276
1482051
23767433
3009053
1308754
4275444
1304496
1297650
1292626
3594463
1304740
2988846
1302799
1298717
5967755
1307716
3152592
1915382
2042273
1297946
1401312
1302578
1298855
1301050
1300354
1309103
1307354
3071471
1416850
1298328
1938923
1926517
1929441
1296628
6874567
3007297
6875412
4813645
1304998
3011105
1293196
25942186
1861401
3925072
2138838
2063914
3217149
2997134
6424814
1309044
1427834
4301043
5503303
1788431
4846693
1293442
24325815
1302718
3148956
5294432
1958063
1293092
1306004
1305463
1294383
1294276
1915385
1293729
1293137
3152592
1915382
2042273
1297946
1401312
1302578
1298855
1301050
1300354
1309103
1307354
3071471
1416850
1298328
1938923
1926517
1929441
1296628
6874567
3007297
6875412
4813645
1304998
3011105
1293196
25942186
1861401
3925072
2138838
2063914
3217149
2997134
6424814
1309044
1427834
4301043
5503303
1788431
4846693
1293442
24325815
1302718
3148956
5294432
1958063
1293092
1306004
1305463
1294383
1294276
1915385
1293729
1293137
1294934
5952590
1307413
1293679
1292505
1298902
3907275
1774354
3041294
3077742
1985677
1584750
10047547
3387483
3652297
2364973
3217142
1302344
4297254
1292827
1300250
3878247
2983135
1293140
1389891
1304551
1305073
1295827
1293383
2973495
1307763
1304063
1295917
1293523
4172534
1419972
1961963
4116481
3824339
3566266
3606973
6873042
3699737
4005190
1958063
1293092
1306004
1305463
1294383
1294276
1915385
1293729
1293137
1294934
5952590
1307413
1293679
1292505
1298902
3907275
1774354
3041294
3077742
1985677
1584750
10047547
3387483
3652297
2364973
3217142
1302344
4297254
1292827
1300250
3878247
2983135
1293140
1389891
1304551
1305073
1295827
1293383
2973495
1307763
1304063
1295917
1293523
4172534
1419972
1961963
4116481
3824339
3566266
3606973
6873042
3699737
4005190
7161695
3882445
3078403
1301278
1308247
3554781
26356473
1385566
1296720
1306723
21339343
24913189
1295531
1484138
2132316
1422931
1308377
3718424
25838463
4301662
3749974
2301706
6873819
1422913
1892147
2028640
1309179
3871833
3230023
1295670
21354138
1308761
6937813
1304532
1304312
1401335
1298111
1293081
1294121
1427282
1300305
1849905
3041264
1578509
1419972
1961963
4116481
3824339
3566266
3606973
6873042
3699737
4005190
7161695
3882445
3078403
1301278
1308247
3554781
26356473
1385566
1296720
1306723
21339343
24913189
1295531
1484138
2132316
1422931
1308377
3718424
25838463
4301662
3749974
2301706
6873819
1422913
1892147
2028640
1309179
3871833
3230023
1295670
21354138
1308761
6937813
1304532
1304312
1401335
1298111
1293081
1294121
1427282
1300305
1849905
3041264
1578509
1305183
1294519
4058964
2073674
1436680
1304798
5365963
1293452
3217669
10439245
6519403
3578715
1304465
3212367
1305037
1293432
6727307
21355752
6873800
2364054
1946776
1305067
2028661
1465415
1295204
25701866
11599239
1308835
1298602
10581946
1301787
1810604
4717612
2332473
4079120
1452121
1963937
5318761
4122269
6533054
25794212
10604087
1578502
2052973
1401335
1298111
1293081
1294121
1427282
1300305
1849905
3041264
1578509
1305183
1294519
4058964
2073674
1436680
1304798
5365963
1293452
3217669
10439245
6519403
3578715
1304465
3212367
1305037
1293432
6727307
21355752
6873800
2364054
1946776
1305067
2028661
1465415
1295204
25701866
11599239
1308835
1298602
10581946
1301787
1810604
4717612
2332473
4079120
1452121
1963937
5318761
4122269
6533054
25794212
10604087
1578502
2052973
2049689
2298926
2980431
1308585
1865656
22049595
1474302
4082227
5325335
1303672
5156558
2016214
2052367
3676431
5158881
3631341
25995508
2225321
2210143
1779689
4861404
11610450
20276953
2342491
1422986
5120686
3076031
6532822
1307868
10453723
1482075
1309065
2996642
4058963
1307266
1869844
2975945
1293382
3337007
3148951
6828823
2301701
3008263
6428516
1452121
1963937
5318761
4122269
6533054
25794212
10604087
1578502
2052973
2049689
2298926
2980431
1308585
1865656
22049595
1474302
4082227
5325335
1303672
5156558
2016214
2052367
3676431
5158881
3631341
25995508
2225321
2210143
1779689
4861404
11610450
20276953
2342491
1422986
5120686
3076031
6532822
1307868
10453723
1482075
1309065
2996642
4058963
1307266
1869844
2975945
1293382
3337007
3148951
6828823
2301701
3008263
6428516
1422934
3072156
1811755
19976260
26277174
1962267
1296795
1299717
3075985
2044431
3128595
2075358
5154799
3990500
1474203
3401684
3562420
3148966
25884436
19899478
3091271
1958282
1316682
4847685
1316532
6958992
24859895
1439890
24704130
3118551
5155021
25983951
25744381
1306983
3680627
3006123
1793915
1960313
3217172
2212176
4882976
1307206
1301939
2134372
1983590
2975945
1293382
3337007
3148951
6828823
2301701
3008263
6428516
1422934
3072156
1811755
19976260
26277174
1962267
1296795
1299717
3075985
2044431
3128595
2075358
5154799
3990500
1474203
3401684
3562420
3148966
25884436
19899478
3091271
1958282
1316682
4847685
1316532
6958992
24859895
1439890
24704130
3118551
5155021
25983951
25744381
1306983
3680627
3006123
1793915
1960313
3217172
2212176
4882976
1307206
1301939
2134372
1983590
1814266
2122767
6866928
4861402
6799156
21943062
2228823
5151665
1308331
24843206
26331608
2035115
1422938
5325336
25832695
3231887
1428109
1468031
1959117
2137483
1306935
5154606
5044742
1304140
3097028
1794438
20431606
4067176
26582064
3291752
6259916
26274132
1795037
3193979
3687604
10531422
25986688
25823531
3874981
4919019
6796160
1299610
25709385
25744412
1793915
1960313
3217172
2212176
4882976
1307206
1301939
2134372
1983590
1814266
2122767
6866928
4861402
6799156
21943062
2228823
5151665
1308331
24843206
26331608
2035115
1422938
5325336
25832695
3231887
1428109
1468031
1959117
2137483
1306935
5154606
5044742
1304140
3097028
1794438
20431606
4067176
26582064
3291752
6259916
26274132
1795037
3193979
3687604
10531422
25986688
25823531
3874981
4919019
6796160
1299610
25709385
25744412
10573439
10727637
5153912
5152976
25941059
2153275
4014396
3266407
3811388
10583383
2257557
3329192
25903828
24872197
3006865
3882834
2310144
26277156
21324299
21772770
3328350
5156833
6558248
24532580
3152593
26314678
26285355
26279449
1951337
25958914
3026402
10744969
24717815
2130529
24706498
3018350
24525302
5154788
6716884