1764377
3272459
3217169
1294753
1449711
6803494
1797247
1295053
1418519
1292943
3271093
2079862
1295742
1457219
1294497
1305539
1303287
3552028
1309016
1301359
1307535
1772560
1305032
1294297
5153322
1307270
1422914
1292932
3007826
1457219
1294497
1305539
1303287
3552028
1309016
1301359
1307535
1772560
1305032
1294297
5153322
1307270
1422914
1292932
3007826
1293155
1309017
11520649
1309206
1308815
1434283
5446177
1972729
25761178
2136824
4301274
1958400
1395546
1422914
1292932
3007826
1293155
1309017
11520649
1309206
1308815
1434283
5446177
1972729
25761178
2136824
4301274
1958400
1395546
1578475
5153883
1293412
6037981
1308708
3023164
1416942
2997094
1422948
1300787
5154001
1297839
1307403
5158834
1958400
1395546
1578475
5153883
1293412
6037981
1308708
3023164
1416942
2997094
1422948
1300787
5154001
1297839
1307403
5158834
1782656
1297865
2338019
5250349
1292585
5985888
1295281
3230195
1299904
1437909
5153551
1302431
2038156
1297839
1307403
5158834
1782656
1297865
2338019
5250349
1292585
5985888
1295281
3230195
1299904
1437909
5153551
1302431
2038156
3002683
2056093
2133379
1303695
1292518
1302178
1300337
1309141
1401206
1306952
3632517
1293459
2213632
1296061
5153551
1302431
2038156
3002683
2056093
2133379
1303695
1292518
1302178
1300337
1309141
1401206
1306952
3632517
1293459
2213632
1296061
5206091
20388223
1300487
20257765
1482089
3069368
1857082
2135821
5299006
1825608
1298219
1300489
1308286
1293459
2213632
1296061
5206091
20388223
1300487
20257765
1482089
3069368
1857082
2135821
5299006
1825608
1298219
1300489
1308286
1428878
1300093
1862826
1299517
2254631
1304629
25863669
1448624
1309050
1304752
1388170
1300880
1309154
1298219
1300489
1308286
1428878
1300093
1862826
1299517
2254631
1304629
25863669
1448624
1309050
1304752
1388170
1300880
1309154
24875409
1293221
1294773
1294070
1897947
1369831
3804656
1306536
1295824
3101734
3089356
2017086
4899486
4812794
1300880
1309154
24875409
1293221
1294773
1294070
1897947
1369831
3804656
1306536
1295824
3101734
3089356
2017086
4899486
4812794
2269035
1437204
1293158
1297445
1306212
1892504
1294721
3008271
24741641
1420087
1306515
3582223
1294454
2017086
4899486
4812794
2269035
1437204
1293158
1297445
1306212
1892504
1294721
3008271
24741641
1420087
1306515
3582223
1294454
25853727
2978639
6888712
1305671
1297692
2134897
4849720
3011108
1304329
25911450
1304439
1310174
3011022
5446197
3582223
1294454
25853727
2978639
6888712
1305671
1297692
2134897
4849720
3011108
1304329
25911450
1304439
1310174
3011022
5446197
1870681
2062944
1922691
25938856
23415048
1293286
24311267
1307631
1299497
1296690
1293809
3024072
1297747
1310174
3011022
5446197
1870681
2062944
1922691
25938856
23415048
1293286
24311267
1307631
1299497
1296690
1293809
3024072
1297747
5244092
1759849
2125064
11601132
11599168
1770823
1293284
1309040
4160474
2144584
1946677
1304430
6875425
1825764
3024072
1297747
5244092
1759849
2125064
11601132
11599168
1770823
1293284
1309040
4160474
2144584
1946677
1304430
6875425
1825764
1294842
1309038
2383187
1316692
1397349
1797446
1300659
4813493
1294857
1305142
1293259
1303341
1292495
1304430
6875425
1825764
1294842
1309038
2383187
1316692
1397349
1797446
1300659
4813493
1294857
1305142
1293259
1303341
1292495
1306463
1939428
25809384
10548265
1308763
1768993
1463787
1817197
1853686
1438299
1292647
1292746
1307321
1434171
1293259
1303341
1292495
1306463
1939428
25809384
10548265
1308763
1768993
1463787
1817197
1853686
1438299
1292647
1292746
1307321
1434171
1299747
4845437
1875488
1309057
2349928
1479418
3619071
1482081
1300440
1300139
1905788
2134401
1296891
1292746
1307321
1434171
1299747
4845437
1875488
1309057
2349928
1479418
3619071
1482081
1300440
1300139
1905788
2134401
1296891
4197788
1309186
2237848
3073206
1302776
1297213
24307625
4022126
3006599
5501712
3266437
1293541
1306323
1905788
2134401
1296891
4197788
1309186
2237848
3073206
1302776
1297213
24307625
4022126
3006599
5501712
3266437
1293541
1306323
3074503
4202326
1931425
1482062
1309190
1308172
1304799
1494855
1796824
2065444
1951105
3438358
2039738
3035433
1293541
1306323
3074503
4202326
1931425
1482062
1309190
1308172
1304799
1494855
1796824
2065444
1951105
3438358
2039738
3035433
1939761
1308775
2972591
3238077
1877568
1780980
2968728
2269032
1916088
4132357
1757164
2045304
6946777
3438358
2039738
3035433
1939761
1308775
2972591
3238077
1877568
1780980
2968728
2269032
1916088
4132357
1757164
2045304
6946777
1902088
1778352
5919333
1950525
2276989
2133326
1793916
20381251
5319803
1962331
2417346
5044748