1424334
1292000
1397546
1307914
1851857
1291936
1309046
1780330
1865703
1307897
1292230
1292515
1303388
1292223
1292343
1293544
21318488
1395091
4304402
1299932
1807990
2334904
4268598
1297192
1417598
1300299
1292214
1291992
1292348
1306664
3660428
1301231
1292646
1299900
1306255
1293310
1303562
1293373
1293046
1299885
1978709
3395373
1304447
1298759
1302642
1297294
1306439
1293226
1306454
1294699
1293213
1293936
1421884
1293663
1432631
1486017
1303554
4286017
1292217
1309027
1428175
1301726
1295686
1299080
1293434
1302100
1310176
1294991
1300966
1294827
1303164
1303698
1294979
1305817
1293190
1305032
1297546
3075287
3068206
3011051
1299327
25807345
2028666
2027938
1296217
3006309
1294183
1300282
1296519
1292216
1292850
1293973
2335122
1293889
1294181
1291569
1300266
1300549
1303545
1295812
1401915
1295255
1394342
1421570
1929726
1302338
6549903
1293203
1308865
2124586
1299603
25750969
1297131
1295045
1298909
4826419
1309116
1858802
1422063
1469049
1292065
1291878
1306870
1293381
1291863
1298917
1292449
1308841
1295451
1301899
1306512
1293107
1298351
1301601
1294756
1299903
1299195
1412573
1305080
1301485
1305538
1299629
1298350
1293614
1297589
1304254
3006772
3011308
1292275
1307106
1292444
1309069
4249355
1300618
4164444
1309045
1301746
6536180
25932086
1291839
3397503
1292697
1294323
1293731
1937257
1301582
1306692
1310175
1295344
1298043
1292660
1299560
3725295
1303459
1293118
1295324
1298047
1878616
1292760
1294387
1299287
26419637
1301678
1303531
1296845
1295328
1292597
1293624
26575234
1766068
3734112
3274505
1291580
4206357
1305903
1298744
1292553
1292229
1297544
1293167
3009161
1945780
1299510
1297229
1419856
1301230
1307493
1292228
1295187
1292060
1297399
1308476
4820775
1301996
1293582
1296124
1296908
1303463
1401265
1476698
1301717
1295697
1300366
3992966
1308843
1292219
1300549
1303545
1295812
1401915
1295255
1394342
1421570
1929726
1302338
6549903
1293203
1308865
2124586
1299603
25750969
1297131
1295045
1298909
4826419
1309116
1858802
1422063
1469049
1292065
1291878
1306870
1293381
1291863
1298917
1292449
1308841
1295451
1301899
1306512
1293107
1298351
1301601
1294756
1299903
1299195
1412573
1305080
1301485
1305538
1299629
1298350
1293614
1297589
1304254
3006772
3011308
1292275
1307106
1292444
1309069
4249355
1300618
4164444
1309045
1301746
6536180
25932086
1291839
3397503
1292697
1294323
1293731
1937257
1301582
1306692
1310175
1295344
1298043
1292660
1299560
3725295
1303459
1293118
1295324
1298047
1878616
1292760
1294387
1299287
26419637
1301678
1303531
1296845
1295328
1292597
1293624
26575234
1766068
3734112
3274505
1291580
4206357
1305903
1298744
1292553
1292229
1297544
1293167
3009161
1945780
1299510
1297229
1419856
1301230
1307493
1292228
1295187
1292060
1297399
1308476
4820775
1301996
1293582
1296124
1296908
1303463
1401265
1476698
1301717
1295697
1300366
3992966
1308843
1292219
1292484
1293531
1857099
1303246
1300656
1294990
3338851
1474189
3808604
1299362
3007817
1304898
1308599
1292067
1853160
1304026
2284851
3718665
1293147
21937438
1302542
4074744
1298412
1305858
1295260
3212318
1292467
1298370
1292898
1294634
1293715
1292588
1309106
1298095
2144258
1309140
1293571
1292744
2241829
1433496
1294825
1309127
1296827
1293206
2256043
1296397
1432146
1820156
1945330
1972698
1293792
1790577
2275370
1307748
1299837
1292332
1300537
1827713
25766529
10432911
10485526
1914787
1482090
1438338
1483239
1308713
1905777
1300766
1298505
1292532
1295086
1296718
1308295
1300919
1295363
1306513
1293671
1304665
1304583
1301889
1419446
1295923
1307054
1296394
1297422
1301229
1293249
1293439
1302597
1294002
1292555
1305869
10851129
1358420
1478336
24743711
10727641
6537500
1300300
1307694
1291584
1308755
1820145
1309021
1947549
1296078
1300069
1419856
1301230
1307493
1292228
1295187
1292060
1297399
1308476
4820775
1301996
1293582
1296124
1296908
1303463
1401265
1476698
1301717
1295697
1300366
3992966
1308843
1292219
1292484
1293531
1857099
1303246
1300656
1294990
3338851
1474189
3808604
1299362
3007817
1304898
1308599
1292067
1853160
1304026
2284851
3718665
1293147
21937438
1302542
4074744
1298412
1305858
1295260
3212318
1292467
1298370
1292898
1294634
1293715
1292588
1309106
1298095
2144258
1309140
1293571
1292744
2241829
1433496
1294825
1309127
1296827
1293206
2256043
1296397
1432146
1820156
1945330
1972698
1293792
1790577
2275370
1307748
1299837
1292332
1300537
1827713
25766529
10432911
10485526
1914787
1482090
1438338
1483239
1308713
1905777
1300766
1298505
1292532
1295086
1296718
1308295
1300919
1295363
1306513
1293671
1304665
1304583
1301889
1419446
1295923
1307054
1296394
1297422
1301229
1293249
1293439
1302597
1294002
1292555
1305869
10851129
1358420
1478336
24743711
10727641
6537500
1300300
1307694
1291584
1308755
1820145
1309021
1947549
1296078
1300069
1297689
1296384
1796939
3819877
1305053
1309220
1401535
1441801
1789283
1301715
2968813
2996790
2252773
5155038
1302325
3992381
1300361
1301166
1291576
3217128
1295284
1302369
1307577
1293830
1293316
1301849
1293028
1293572
1308456
1863384
10467098
1309066
1966050
1293995
1299888
1306678
1947056
1468547
1293125
1316524
1299665
1293297
1299027
1295820
1304710
1295480
3059472
2125096
1297673
1440347
3024392
1304901
1867801
1401584
1298013
1776795
1293885
1421051
3148748
1305724
3025447
1308848
2028645
1291869
1308752
1304899
1301345
2132930
1412579
1309064
1922273
2065021
2174535
2350904
1295384
3075983
3011459
1294941
1400868
6430835
2138299
1949321
2080007
5346468
2277841
1293019
1296553
1295870
1309080
3097445
1293976
4111335
1887455
1301419
1297145
1299235
3215099
2123782
1858678
1298245
2002741
2982853
1438066
1421807
3001184
3013046
1299967
1293249
1293439
1302597
1294002
1292555
1305869
10851129
1358420
1478336
24743711
10727641
6537500
1300300
1307694
1291584
1308755
1820145
1309021
1947549
1296078
1300069
1297689
1296384
1796939
3819877
1305053
1309220
1401535
1441801
1789283
1301715
2968813
2996790
2252773
5155038
1302325
3992381
1300361
1301166
1291576
3217128
1295284
1302369
1307577
1293830
1293316
1301849
1293028
1293572
1308456
1863384
10467098
1309066
1966050
1293995
1299888
1306678
1947056
1468547
1293125
1316524
1299665
1293297
1299027
1295820
1304710
1295480
3059472
2125096
1297673
1440347
3024392
1304901
1867801
1401584
1298013
1776795
1293885
1421051
3148748
1305724
3025447
1308848
2028645
1291869
1308752
1304899
1301345
2132930
1412579
1309064
1922273
2065021
2174535
2350904
1295384
3075983
3011459
1294941
1400868
6430835
2138299
1949321
2080007
5346468
2277841
1293019
1296553
1295870
1309080
3097445
1293976
4111335
1887455
1301419
1297145
1299235
3215099
2123782
1858678
1298245
2002741
2982853
1438066
1421807
3001184
3013046
1299967
2140558
1389986
1305364
1305970
1301233
1316561
1929477
2223355
1293045
2299238
1293192
1292487
1293195
1307546
1304750
1293221
1459620
1298056
1304814
1299412
3006325
1301978
1293298
1293503
2134835
2998270
4051753
1484091
1466007
1401524
4160540
2997052
10598440
1309160
1293702
1293537
3120852
3878157
3011997
3217165
1300275
1432180
1484760
6771529
1299153
3217894
1889152
1292677
1294791
4280770
1305566
1293142
6539385
2999500
1300399
1310170
1298974
1298976
3263169
1303447
4830236
2372389
1478582
1436846
2132290
1295527
1300916
1297260
1308035
1305003
1295783
1299658
1295603
3199971
1293952
1867342
1323747
3062588
1297735
3068237
1303449
6970906
1306614
1915381
1296700
1303472
1858064
1296501
1950896
1294726
1304595
4221477
1400650
1440151
2031628
1316647
1293561
2009943
1908466
2130521
1293348
1293480
2268359
3412882
1945336
1890784
1307527
1764796
1296553
1295870
1309080
3097445
1293976
4111335
1887455
1301419
1297145
1299235
3215099
2123782
1858678
1298245
2002741
2982853
1438066
1421807
3001184
3013046
1299967
2140558
1389986
1305364
1305970
1301233
1316561
1929477
2223355
1293045
2299238
1293192
1292487
1293195
1307546
1304750
1293221
1459620
1298056
1304814
1299412
3006325
1301978
1293298
1293503
2134835
2998270
4051753
1484091
1466007
1401524
4160540
2997052
10598440
1309160
1293702
1293537
3120852
3878157
3011997
3217165
1300275
1432180
1484760
6771529
1299153
3217894
1889152
1292677
1294791
4280770
1305566
1293142
6539385
2999500
1300399
1310170
1298974
1298976
3263169
1303447
4830236
2372389
1478582
1436846
2132290
1295527
1300916
1297260
1308035
1305003
1295783
1299658
1295603
3199971
1293952
1867342
1323747
3062588
1297735
3068237
1303449
6970906
1306614
1915381
1296700
1303472
1858064
1296501
1950896
1294726
1304595
4221477
1400650
1440151
2031628
1316647
1293561
2009943
1908466
2130521
1293348
1293480
2268359
3412882
1945336
1890784
1307527
1764796
1303184
1849959
2132412
1304608
1294621
1308995
2144242
4896894
1298189
10438691
1947080
3012013
3319741
1302753
3126187
1298697
1296102
1295629
1307917
10508876
1305456
1422917
1892530
1301328
2067450
4901684
2059321
1783774
1475572
1292474
1306470
1292335
22299426
3057495
10608242
1908318
10466341
1306548
2988294
20276230
1301161
1438734
1295568
1308758
1299539
1293352
1295809
1741924
1306474
2215964
1300288
1761920
1863980
2996275
1866213
1293176
1301444
1299767
1307980
1304606
1294665
1293283
1298406
1297718
1306742
3660570
2223596
4133814
1418190
1307956
3041269
1793903
2209368
20257326
1471507
1422920
1299054
1308762
3610676
1939173
1293174
1293515
3805091
1305248
1293171
1298252
2265778
1307210
2038379
1296203
1422950
1296153
2301242
1294588
1326208
3731626
1741703
10554990
20399278
1306893
1417555
1308993
1477206
1578646
2028634
3059403
1305524
1858064
1296501
1950896
1294726
1304595
4221477
1400650
1440151
2031628
1316647
1293561
2009943
1908466
2130521
1293348
1293480
2268359
3412882
1945336
1890784
1307527
1764796
1303184
1849959
2132412
1304608
1294621
1308995
2144242
4896894
1298189
10438691
1947080
3012013
3319741
1302753
3126187
1298697
1296102
1295629
1307917
10508876
1305456
1422917
1892530
1301328
2067450
4901684
2059321
1783774
1475572
1292474
1306470
1292335
22299426
3057495
10608242
1908318
10466341
1306548
2988294
20276230
1301161
1438734
1295568
1308758
1299539
1293352
1295809
1741924
1306474
2215964
1300288
1761920
1863980
2996275
1866213
1293176
1301444
1299767
1307980
1304606
1294665
1293283
1298406
1297718
1306742
3660570
2223596
4133814
1418190
1307956
3041269
1793903
2209368
20257326
1471507
1422920
1299054
1308762
3610676
1939173
1293174
1293515
3805091
1305248
1293171
1298252
2265778
1307210
2038379
1296203
1422950
1296153
2301242
1294588
1326208
3731626
1741703
10554990
20399278
1306893
1417555
1308993
1477206
1578646
2028634
3059403
1305524
3531406
22519250
1299107
1439286
1304045
1293619
1419992
1307427
25892603
1301716
1945799
3119246
1303897
1295733
4934992
1304828
1767113
1307358
1786230
1293129
3804707
1295402
1297290
1293840
1293522
1295834
3781749
1307866
1302904
1293262
1304982
1295533
1293450
1293905
1293385
1401586
2129132
1329950
1306160
2153526
1781126
1401533
1927369
6846893
3312344
3013580
6053679
3642866
1308047
2047910
1293317
1294789
1308715
1299247
3011617
6886518
1297715
1292829
1307463
1304726
1892848
2131649
1298635
1296947
3006781
1438300
1422306
1437128
4193254
1296252
1972724
1300754
1895119
1293446
1298947
1292453
1298493
1482030
1306161
1294015
1917086
1293229
1304044
1305843
3750748
1298667
1293335
1298695
3006767
1307800
1297753
1295383
4238950
1295276
1295484
2264143
1296140
1292676
1302447
2210130
1751547
1304723
4711343
1298608
1304722
1484348
1305596
2265778
1307210
2038379
1296203
1422950
1296153
2301242
1294588
1326208
3731626
1741703
10554990
20399278
1306893
1417555
1308993
1477206
1578646
2028634
3059403
1305524
3531406
22519250
1299107
1439286
1304045
1293619
1419992
1307427
25892603
1301716
1945799
3119246
1303897
1295733
4934992
1304828
1767113
1307358
1786230
1293129
3804707
1295402
1297290
1293840
1293522
1295834
3781749
1307866
1302904
1293262
1304982
1295533
1293450
1293905
1293385
1401586
2129132
1329950
1306160
2153526
1781126
1401533
1927369
6846893
3312344
3013580
6053679
3642866
1308047
2047910
1293317
1294789
1308715
1299247
3011617
6886518
1297715
1292829
1307463
1304726
1892848
2131649
1298635
1296947
3006781
1438300
1422306
1437128
4193254
1296252
1972724
1300754
1895119
1293446
1298947
1292453
1298493
1482030
1306161
1294015
1917086
1293229
1304044
1305843
3750748
1298667
1293335
1298695
3006767
1307800
1297753
1295383
4238950
1295276
1295484
2264143
1296140
1292676
1302447
2210130
1751547
1304723
4711343
1298608
1304722
1484348
1305596
1297525
1293214
1479872
1293568
1300718
20423021
1798665
1292934
1889382
1292669
1890154
3771562
6872273
1792928
1482911
1793909
1763134
1607471
1892531
1315316
1292344
1309136
1307442
10766459
1937621
1482055
6738735
1294037
1306421
2264715
1297929
24695966
1303773
1305088
1306518
1440855
1306911
1296026
1947114
1419934
1294929
2970087
3564315
1428177
4206477
1296459
2367213
1457294
1493481
3238076
3040418
2081376
1308491
1905790
1419976
1907467
1293828
1308842
2158328
4032539
1299213
5279640
1417084
1292680
1929436
2059313
1298244
10792322
4202983
6301361
1433183
6521902
26303865
2039711
3024983
1295622
4146762
1298401
1295635
24876979
1421104
1298461
1294537
1295582
1295883
3095501
1293932
1293980
1292783
1305669
1293284
1304251
2146591
1300949
1293855
3569911
1298525
1293173
1395776
3150816
1305333
10439358
1304643
1298120
3614963
1309171
4146512
1304129
1293335
1298695
3006767
1307800
1297753
1295383
4238950
1295276
1295484
2264143
1296140
1292676
1302447
2210130
1751547
1304723
4711343
1298608
1304722
1484348
1305596
1297525
1293214
1479872
1293568
1300718
20423021
1798665
1292934
1889382
1292669
1890154
3771562
6872273
1792928
1482911
1793909
1763134
1607471
1892531
1315316
1292344
1309136
1307442
10766459
1937621
1482055
6738735
1294037
1306421
2264715
1297929
24695966
1303773
1305088
1306518
1440855
1306911
1296026
1947114
1419934
1294929
2970087
3564315
1428177
4206477
1296459
2367213
1457294
1493481
3238076
3040418
2081376
1308491
1905790
1419976
1907467
1293828
1308842
2158328
4032539
1299213
5279640
1417084
1292680
1929436
2059313
1298244
10792322
4202983
6301361
1433183
6521902
26303865
2039711
3024983
1295622
4146762
1298401
1295635
24876979
1421104
1298461
1294537
1295582
1295883
3095501
1293932
1293980
1292783
1305669
1293284
1304251
2146591
1300949
1293855
3569911
1298525
1293173
1395776
3150816
1305333
10439358
1304643
1298120
3614963
1309171
4146512
1304129
2091015
1780168
10537949
1300292
2252778
1309145
2074035
21871405
2030563
1296867
1292552
10466617
1309194
6558262
1507248
1305525
1293072
1962112
1293330
2028840
1293433
1296942
1482541
1830189
6060652
1292573
1438282
1293540
1292599
1297497
3718210
1292938
1293904
1301618
21793840
1793919
1299209
1292822
1296499
20273800
1298981
1394469
1294587
1294442
1303397
1301575
1304780
1295708
1299704
1305993
10355332
1858267
1308381
22011074
1293875
1294764
1726777
1297513
3287615
6558263
2363876
1436870
3006783
3078386
5028536
6053731
1306894
1428051
3073648
1308991
25798131
3529375
4301285
2027923
5149279
10562986
2252775
1905786
1419953
1949329
4821015
1308859
3158432
24722875
1507152
2075147
1297509
1865012
1986567
4291272
20497633
3009168
2348020
6873176
1309153
23416554
1298574
1298354
3012009
2988893
1294395
1785323
1301447
1301164
1296702
3073202
1306915
1293932
1293980
1292783
1305669
1293284
1304251
2146591
1300949
1293855
3569911
1298525
1293173
1395776
3150816
1305333
10439358
1304643
1298120
3614963
1309171
4146512
1304129
2091015
1780168
10537949
1300292
2252778
1309145
2074035
21871405
2030563
1296867
1292552
10466617
1309194
6558262
1507248
1305525
1293072
1962112
1293330
2028840
1293433
1296942
1482541
1830189
6060652
1292573
1438282
1293540
1292599
1297497
3718210
1292938
1293904
1301618
21793840
1793919
1299209
1292822
1296499
20273800
1298981
1394469
1294587
1294442
1303397
1301575
1304780
1295708
1299704
1305993
10355332
1858267
1308381
22011074
1293875
1294764
1726777
1297513
3287615
6558263
2363876
1436870
3006783
3078386
5028536
6053731
1306894
1428051
3073648
1308991
25798131
3529375
4301285
2027923
5149279
10562986
2252775
1905786
1419953
1949329
4821015
1308859
3158432
24722875
1507152
2075147
1297509
1865012
1986567
4291272
20497633
3009168
2348020
6873176
1309153
23416554
1298574
1298354
3012009
2988893
1294395
1785323
1301447
1301164
1296702
3073202
1306915
24857986
1297050
5150245
4099242
1306665
1297881
1471284
25949984
1296432
1915096
3738280
1291855
1299612
1298334
6731992
1292814
3152563
1295973
3743063
3789923
1293067
1304855
1293565
6874394
1292948
1302212
1789665
3179706
1867408
1866475
1309184
1466394
3402101
1292624
3011574
1304338
1308769
2132941
1296935
2993217
1294893
4086853
5501711
2042617
1308912
1302047
3011380
2057552
24839091
2127788
3041261
4049700
4068816
1304602
2974280
6857606
1300077
1306713
3073647
1433676
1305324
5258036
1419903
6121141
1292682
1303983
2075345
1306969
3218765
1294251
11534824
1294863
4111346
1304766
6876154
24742719
1295560
1300857
1921991
1293605
1298437
1422915
1292754
1292638
1300324
1309118
1304905
2123052
1299182
1470328
1417304
3436905
6001229
1307669
1438299
10604554
1298708
1298339
1428053
3557490
1463357
1438302
4281535
1796729
1307663
1298214
1297063
2075147
1297509
1865012
1986567
4291272
20497633
3009168
2348020
6873176
1309153
23416554
1298574
1298354
3012009
2988893
1294395
1785323
1301447
1301164
1296702
3073202
1306915
24857986
1297050
5150245
4099242
1306665
1297881
1471284
25949984
1296432
1915096
3738280
1291855
1299612
1298334
6731992
1292814
3152563
1295973
3743063
3789923
1293067
1304855
1293565
6874394
1292948
1302212
1789665
3179706
1867408
1866475
1309184
1466394
3402101
1292624
3011574
1304338
1308769
2132941
1296935
2993217
1294893
4086853
5501711
2042617
1308912
1302047
3011380
2057552
24839091
2127788
3041261
4049700
4068816
1304602
2974280
6857606
1300077
1306713
3073647
1433676
1305324
5258036
1419903
6121141
1292682
1303983
2075345
1306969
3218765
1294251
11534824
1294863
4111346
1304766
6876154
24742719
1295560
1300857
1921991
1293605
1298437
1422915
1292754
1292638
1300324
1309118
1304905
2123052
1299182
1470328
1417304
3436905
6001229
1307669
1438299
10604554
1298708
1298339
1428053
3557490
1463357
1438302
4281535
1796729
1307663
1298214
1297063
1304209
1300713
1308674
1307852
1916927
1304523
1463243
1296738
1293570
1401523
1301770
1302340
1824422
1455975
1303141
10546692
1297410
1301518
1301236
1304364
3279080
11610281
1410556
1293258
2037833
3077413
1305306
1428055
1456197
1453067
2054070
1758487
3066083
1296535
1950192
1309209
3302627
1296169
1295746
1309051
1777570
6021917
21977761
2998340
26304268
1301711
1294732
1920907
1297773
1293035
1308790
1985959
1410557
1300371
1309000
4922398
2337773
1946607
3136507
24289477
1301431
10432181
2133483
1293438
1954775
1302570
1296705
1297629
6082346
1440685
1307597
2299659
1293854
25870679
10581884
20451118
1309097
1448703
1305074
1306313
1293368
26274810
1292854
1298876
21263717
3305719
1293260
1892526
3721152
1767888
1294197
1306528
1304856
1293334
1432288
1308472
1306602
3670229
26323540
1299549
1309166
1301782
1305672
2046022
1309111
2135981
4190211
4133988
1304905
2123052
1299182
1470328
1417304
3436905
6001229
1307669
1438299
10604554
1298708
1298339
1428053
3557490
1463357
1438302
4281535
1796729
1307663
1298214
1297063
1304209
1300713
1308674
1307852
1916927
1304523
1463243
1296738
1293570
1401523
1301770
1302340
1824422
1455975
1303141
10546692
1297410
1301518
1301236
1304364
3279080
11610281
1410556
1293258
2037833
3077413
1305306
1428055
1456197
1453067
2054070
1758487
3066083
1296535
1950192
1309209
3302627
1296169
1295746
1309051
1777570
6021917
21977761
2998340
26304268
1301711
1294732
1920907
1297773
1293035
1308790
1985959
1410557
1300371
1309000
4922398
2337773
1946607
3136507
24289477
1301431
10432181
2133483
1293438
1954775
1302570
1296705
1297629
6082346
1440685
1307597
2299659
1293854
25870679
10581884
20451118
1309097
1448703
1305074
1306313
1293368
26274810
1292854
1298876
21263717
3305719
1293260
1892526
3721152
1767888
1294197
1306528
1304856
1293334
1432288
1308472
1306602
3670229
26323540
1299549
1309166
1301782
1305672
2046022
1309111
2135981
4190211
4133988
2354729
1652618
1300608
1949328
1293470
1307657
1304642
1308978
1309053
1300830
2133422
1307807
1793571
1308797
2130121
1291823
3094580
1295638
3105162
1307384
3097525
3914547
1307695
1892527
4221515
1482051
2977357
23767433
1871800
1298299
5332266
5374152
25821124
1963710
1294858
1293345
5387021
1293798
6124043
4901351
1294559
1303237
1293506
5156515
1304496
1693078
1295749
1292626
6516595
3069359
1297336
1299086
3038900
1304740
1293903
4720358
1294123
1441499
5156263
24877502
10777781
1304897
1304579
1444594
1292665
1292702
1307867
5159993
1295192
1297010
1482091
1293920
3025840
1293275
1293311
3566747
3338896
1291871
1304834
1401312
10553321
1308561
3148027
3289086
5977836
4889554
3558640
2081493
1418919
1578669
4319445
1306610
3775167
6839145
1946877
1308034
6793319
1754927
1940086
3217878
1578643
1298328
3282396
25777512
3744561
3231686
1299335
1293260
1892526
3721152
1767888
1294197
1306528
1304856
1293334
1432288
1308472
1306602
3670229
26323540
1299549
1309166
1301782
1305672
2046022
1309111
2135981
4190211
4133988
2354729
1652618
1300608
1949328
1293470
1307657
1304642
1308978
1309053
1300830
2133422
1307807
1793571
1308797
2130121
1291823
3094580
1295638
3105162
1307384
3097525
3914547
1307695
1892527
4221515
1482051
2977357
23767433
1871800
1298299
5332266
5374152
25821124
1963710
1294858
1293345
5387021
1293798
6124043
4901351
1294559
1303237
1293506
5156515
1304496
1693078
1295749
1292626
6516595
3069359
1297336
1299086
3038900
1304740
1293903
4720358
1294123
1441499
5156263
24877502
10777781
1304897
1304579
1444594
1292665
1292702
1307867
5159993
1295192
1297010
1482091
1293920
3025840
1293275
1293311
3566747
3338896
1291871
1304834
1401312
10553321
1308561
3148027
3289086
5977836
4889554
3558640
2081493
1418919
1578669
4319445
1306610
3775167
6839145
1946877
1308034
6793319
1754927
1940086
3217878
1578643
1298328
3282396
25777512
3744561
3231686
1299335
4074733
2027933
5318758
10774666
1867415
1938923
1926517
1916995
6128025
6853653
10566662
1309091
3193964
3992384
1306998
1296628
1302762
2988506
1864491
3103405
25799475
1309031
1300317
2373638
6869783
1308982
1768941
26281899
5351755
1298152
4129619
10744976
1428971
1293829
1826749
1293390
10745412
4884122
2002725
3007811
10446625
1297500
1295871
2000830
1306805
1882503
1293185
1304680
3835661
25723328
1304545
1830411
1295158
6081097
4236014
1293196
1300807
2041864
1295447
20426973
1340361
26373154
3075909
1438633
2997134
1946882
4724373
1307762
1482077
4301043
3268171
5503303
1308482
6875647
3150346
1302242
10555085
1839857
4846693
1309217
2132486
6875615
1871840
1305686
2075994
2170915
2032339
1778999
3212400
1436868
3217153
1309032
3279054
24325815
1297576
2225784
3033030
1302718
3148956
1449776
1485185
3156600
3212991
1298737
3166599
1293143
3230125
4889554
3558640
2081493
1418919
1578669
4319445
1306610
3775167
6839145
1946877
1308034
6793319
1754927
1940086
3217878
1578643
1298328
3282396
25777512
3744561
3231686
1299335
4074733
2027933
5318758
10774666
1867415
1938923
1926517
1916995
6128025
6853653
10566662
1309091
3193964
3992384
1306998
1296628
1302762
2988506
1864491
3103405
25799475
1309031
1300317
2373638
6869783
1308982
1768941
26281899
5351755
1298152
4129619
10744976
1428971
1293829
1826749
1293390
10745412
4884122
2002725
3007811
10446625
1297500
1295871
2000830
1306805
1882503
1293185
1304680
3835661
25723328
1304545
1830411
1295158
6081097
4236014
1293196
1300807
2041864
1295447
20426973
1340361
26373154
3075909
1438633
2997134
1946882
4724373
1307762
1482077
4301043
3268171
5503303
1308482
6875647
3150346
1302242
10555085
1839857
4846693
1309217
2132486
6875615
1871840
1305686
2075994
2170915
2032339
1778999
3212400
1436868
3217153
1309032
3279054
24325815
1297576
2225784
3033030
1302718
3148956
1449776
1485185
3156600
3212991
1298737
3166599
1293143
3230125
1293554
1301403
3621404
3731662
1305463
3931898
1294383
10581908
2141149
1293956
1294616
1419929
1309058
2085030
1293137
1863449
1578484
1478851
10551894
25889465
25747029
1297242
4160568
1293149
1293139
1293679
1788098
10471540
1295796
3364849
6875543
1982073
3586721
2117742
1292505
2131651
1293280
2137130
1299616
1305929
3035549
1301559
3041294
3289081
2357708
20277632
4312428
1300359
3154909
4326412
3097044
1861411
3387483
2213119
1299048
1507151
3652297
1308784
1292779
3346995
2364973
3217142
3725320
1871836
3818565
1870801
6753091
2032459
2968611
3443393
25721544
2060184
3017691
4297254
3899297
1309132
1300250
2364838
1307990
1424633
25850944
2983135
4300641
1295955
20452442
1306442
3688345
3240436
1482029
10764850
1293140
1299150
1306008
1304644
3725361
10455649
1293130
1292556
5360999
1987408
19974285
1307202
1296875
1305073
3073050
10833957
1293328
2032339
1778999
3212400
1436868
3217153
1309032
3279054
24325815
1297576
2225784
3033030
1302718
3148956
1449776
1485185
3156600
3212991
1298737
3166599
1293143
3230125
1293554
1301403
3621404
3731662
1305463
3931898
1294383
10581908
2141149
1293956
1294616
1419929
1309058
2085030
1293137
1863449
1578484
1478851
10551894
25889465
25747029
1297242
4160568
1293149
1293139
1293679
1788098
10471540
1295796
3364849
6875543
1982073
3586721
2117742
1292505
2131651
1293280
2137130
1299616
1305929
3035549
1301559
3041294
3289081
2357708
20277632
4312428
1300359
3154909
4326412
3097044
1861411
3387483
2213119
1299048
1507151
3652297
1308784
1292779
3346995
2364973
3217142
3725320
1871836
3818565
1870801
6753091
2032459
2968611
3443393
25721544
2060184
3017691
4297254
3899297
1309132
1300250
2364838
1307990
1424633
25850944
2983135
4300641
1295955
20452442
1306442
3688345
3240436
1482029
10764850
1293140
1299150
1306008
1304644
3725361
10455649
1293130
1292556
5360999
1987408
19974285
1307202
1296875
1305073
3073050
10833957
1293328
10726941
11620560
3824339
24695277
11601131
10487568
25775571
3699737
1431755
23424586
1308451
2032341
5151891
1482366
4005190
3285088
6788517
1302429
1996313
6832334
3078403
1309125
1886896
1774223
1482063
25785812
3284768
10792320
3887988
3524289
10466639
1853181
1949310
4853478
3621418
11639147
1308040
1857086
4312245
1308046
20393779
2216968
1298821
2009469
3602136
1297604
1385566
2075336
1293132
1293268
10793513
1295419
1295572
1300162
1877942
3011097
1303998
25823469
2134015
1293441
1419872
1304493
3380438
26310932
4583146
1296215
3158435
3231740
3082452
4301662
5151892
3238087
3156117
2301706
3993708
6873819
1293691
2002954
3011033
1482080
1892147
4120583
24870066
6383567
2028640
1950454
2075973
1309179
4023433
2338069
1578663
1309056
1295670
5973984
1946890
3287578
1584898
4051768
1308761
1304154
1507144
1305781
2049989
3628407
2132442
2156375
3129853
1892161
3688345
3240436
1482029
10764850
1293140
1299150
1306008
1304644
3725361
10455649
1293130
1292556
5360999
1987408
19974285
1307202
1296875
1305073
3073050
10833957
1293328
10726941
11620560
3824339
24695277
11601131
10487568
25775571
3699737
1431755
23424586
1308451
2032341
5151891
1482366
4005190
3285088
6788517
1302429
1996313
6832334
3078403
1309125
1886896
1774223
1482063
25785812
3284768
10792320
3887988
3524289
10466639
1853181
1949310
4853478
3621418
11639147
1308040
1857086
4312245
1308046
20393779
2216968
1298821
2009469
3602136
1297604
1385566
2075336
1293132
1293268
10793513
1295419
1295572
1300162
1877942
3011097
1303998
25823469
2134015
1293441
1419872
1304493
3380438
26310932
4583146
1296215
3158435
3231740
3082452
4301662
5151892
3238087
3156117
2301706
3993708
6873819
1293691
2002954
3011033
1482080
1892147
4120583
24870066
6383567
2028640
1950454
2075973
1309179
4023433
2338069
1578663
1309056
1295670
5973984
1946890
3287578
1584898
4051768
1308761
1304154
1507144
1305781
2049989
3628407
2132442
2156375
3129853
1892161
1299591
2056856
1304532
19945758
10485481
6040997
3017555
25826239
1304312
1307660
1293263
23035067
1293245
1867403
2132083
1307644
3078632
3279065
10577995
1294121
1866826
24312588
3754946
3262050
20515977
1578509
25742299
1305183
1918224
24718797
1301823
4058964
1299265
2073674
1915729
2998395
5364976
1461348
1401966
6790253
1436680
4189695
4117274
3008068
1304798
1474762
5365963
1292836
3637247
3217669
10449606
2225175
25945408
1479110
1388177
1428107
10755171
2059125
2132510
10851241
1304165
21965450
6519403
1419986
1309009
1299957
3437161
25762402
3074541
1418331
2332153
1293161
2268357
10546665
3011979
10462218
1294612
3598215
3011059
3808643
4218768
2123510
2269893
1946776
3002820
3136488
1305067
2352630
2028661
1947719
3395460
3155971
21350962
24529254
6431054
3148877
1297670
2132426
2244593
2334073
10461681
5240540
2024935
1296698
25701866
11599239
1819460
2075973
1309179
4023433
2338069
1578663
1309056
1295670
5973984
1946890
3287578
1584898
4051768
1308761
1304154
1507144
1305781
2049989
3628407
2132442
2156375
3129853
1892161
1299591
2056856
1304532
19945758
10485481
6040997
3017555
25826239
1304312
1307660
1293263
23035067
1293245
1867403
2132083
1307644
3078632
3279065
10577995
1294121
1866826
24312588
3754946
3262050
20515977
1578509
25742299
1305183
1918224
24718797
1301823
4058964
1299265
2073674
1915729
2998395
5364976
1461348
1401966
6790253
1436680
4189695
4117274
3008068
1304798
1474762
5365963
1292836
3637247
3217669
10449606
2225175
25945408
1479110
1388177
1428107
10755171
2059125
2132510
10851241
1304165
21965450
6519403
1419986
1309009
1299957
3437161
25762402
3074541
1418331
2332153
1293161
2268357
10546665
3011979
10462218
1294612
3598215
3011059
3808643
4218768
2123510
2269893
1946776
3002820
3136488
1305067
2352630
2028661
1947719
3395460
3155971
21350962
24529254
6431054
3148877
1297670
2132426
2244593
2334073
10461681
5240540
2024935
1296698
25701866
11599239
1819460
1309110
1482083
4109918
1298602
3618294
6147186
1437332
2968728
3026006
20389691
1295387
1790502
1293427
22518619
3072077
3829486
1301721
3010394
2259761
4047355
3011980
3914500
4014405
3002819
1962823
1578502
4894075
5156706
1308110
21354060
3737117
4310059
2298926
3256172
10508874
3706862
6435936
25800699
1297389
2252771
2999489
1305418
1920730
2051750
6061437
1424661
5158364
6870692
3011621
2160638
3162377
1302401
1999216
3418436
20256487
3771089
1474302
3034755
25749872
25835479
2355597
21348445
1419978
4099520
5325335
3284386
1866061
19973990
3230168
1825683
4935243
2154783
4091053
25725308
1301351
1305149
25995508
3014957
4118060
1418270
1307311
4308001
2210143
4883258
2132477
4919232
10342838
2058846
1779689
2159244
5985871
1293227
2998478
20276953
1864995
25806476
3804835
4017154
2136652
5159495
4117296
6053684
1307606
5501708
3660133
4073939
4313237
1305067
2352630
2028661
1947719
3395460
3155971
21350962
24529254
6431054
3148877
1297670
2132426
2244593
2334073
10461681
5240540
2024935
1296698
25701866
11599239
1819460
1309110
1482083
4109918
1298602
3618294
6147186
1437332
2968728
3026006
20389691
1295387
1790502
1293427
22518619
3072077
3829486
1301721
3010394
2259761
4047355
3011980
3914500
4014405
3002819
1962823
1578502
4894075
5156706
1308110
21354060
3737117
4310059
2298926
3256172
10508874
3706862
6435936
25800699
1297389
2252771
2999489
1305418
1920730
2051750
6061437
1424661
5158364
6870692
3011621
2160638
3162377
1302401
1999216
3418436
20256487
3771089
1474302
3034755
25749872
25835479
2355597
21348445
1419978
4099520
5325335
3284386
1866061
19973990
3230168
1825683
4935243
2154783
4091053
25725308
1301351
1305149
25995508
3014957
4118060
1418270
1307311
4308001
2210143
4883258
2132477
4919232
10342838
2058846
1779689
2159244
5985871
1293227
2998478
20276953
1864995
25806476
3804835
4017154
2136652
5159495
4117296
6053684
1307606
5501708
3660133
4073939
4313237
21937446
3750513
2342491
1308591
3992375
1304735
25903068
1301968
3334485
4281574
3816983
11626996
3225319
6532822
10453723
1890787
1482075
1449962
6875611
1428108
4265409
2996642
3289348
1441473
3078391
22266898
21348112
1308079
1899892
4708013
1419376
6040359
1963940
1951222
3168094
21355504
3001170
4729828
1307266
1908174
25758005
1899058
6873268
3011472
25818613
1420053
2301701
2117898
25837175
3268192
26326395
2117922
5156137
5960681
3250619
3011052
3072894
3008263
1422934
2301676
1293099
3072156
4915122
1984772
1433358
10741865
19976260
2972958
10757685
3444571
4753436
1962267
3161047
2330310
20441283
4902958
2364038
25885962
1997679
3077408
1299711
3735015
24522915
3401684
2082012
3789921
1482088
3025814
3151388
4845723
6957289
3148966
2262224
1307875
2075710
2084534
19899478
3072127
3319767
2278164
3022894
2053668
1950448
1293235
3988865
5152973
3439317
3244066
10342838
2058846
1779689
2159244
5985871
1293227
2998478
20276953
1864995
25806476
3804835
4017154
2136652
5159495
4117296
6053684
1307606
5501708
3660133
4073939
4313237
21937446
3750513
2342491
1308591
3992375
1304735
25903068
1301968
3334485
4281574
3816983
11626996
3225319
6532822
10453723
1890787
1482075
1449962
6875611
1428108
4265409
2996642
3289348
1441473
3078391
22266898
21348112
1308079
1899892
4708013
1419376
6040359
1963940
1951222
3168094
21355504
3001170
4729828
1307266
1908174
25758005
1899058
6873268
3011472
25818613
1420053
2301701
2117898
25837175
3268192
26326395
2117922
5156137
5960681
3250619
3011052
3072894
3008263
1422934
2301676
1293099
3072156
4915122
1984772
1433358
10741865
19976260
2972958
10757685
3444571
4753436
1962267
3161047
2330310
20441283
4902958
2364038
25885962
1997679
3077408
1299711
3735015
24522915
3401684
2082012
3789921
1482088
3025814
3151388
4845723
6957289
3148966
2262224
1307875
2075710
2084534
19899478
3072127
3319767
2278164
3022894
2053668
1950448
1293235
3988865
5152973
3439317
3244066
25887266
3711760
1944900
24859095
2998456
4092661
1485255
25977801
3012031
23766551
1902534
5064521
24704130
25780574
1963235
19951145
2189725
26285777
25786057
6874415
1308834
3680627
5954505
1793915
10748492
4914627
3217172
2240233
3014399
2301125
4301282
3075966
2059312
1480010
1892160
2134372
2134543
6866928
2983986
10527288
3068563
4861402
4023250
20505003
2135982
2228823
5151665
4922802
26617314
25780555
4290934
1301105
2051452
24843206
1297176
26351660
3578923
1797020
1940459
10462800
1875320
1921003
6804364
19908446
5325336
25832695
7055675
10440073
1961696
3231887
5157188
25732529
3450086
2132894
3160325
2137483
11636413
22206742
3017832
25907088
1951078
3212102
2230926
3179039
25745786
10833654
10774980
3041201
6722873
25860868
22735426
2133467
3583797
19954796
4166518
3182794
21765384
20280040
3725385
1921686
2030560
6795529
4933210
5353616
3240844
22994771
1304806
1482088
3025814
3151388
4845723
6957289
3148966
2262224
1307875
2075710
2084534
19899478
3072127
3319767
2278164
3022894
2053668
1950448
1293235
3988865
5152973
3439317
3244066
25887266
3711760
1944900
24859095
2998456
4092661
1485255
25977801
3012031
23766551
1902534
5064521
24704130
25780574
1963235
19951145
2189725
26285777
25786057
6874415
1308834
3680627
5954505
1793915
10748492
4914627
3217172
2240233
3014399
2301125
4301282
3075966
2059312
1480010
1892160
2134372
2134543
6866928
2983986
10527288
3068563
4861402
4023250
20505003
2135982
2228823
5151665
4922802
26617314
25780555
4290934
1301105
2051452
24843206
1297176
26351660
3578923
1797020
1940459
10462800
1875320
1921003
6804364
19908446
5325336
25832695
7055675
10440073
1961696
3231887
5157188
25732529
3450086
2132894
3160325
2137483
11636413
22206742
3017832
25907088
1951078
3212102
2230926
3179039
25745786
10833654
10774980
3041201
6722873
25860868
22735426
2133467
3583797
19954796
4166518
3182794
21765384
20280040
3725385
1921686
2030560
6795529
4933210
5353616
3240844
22994771
1304806
10437605
6855094
11595220
26022765
3239906
25823531
3011606
3874981
5323911
7005155
24709327
26603758
25713386
25709385
24827406
4903581
11623346
2996752
19899626
3407821
20497559
24859034
3829512
5936247
2124737
5267375
25905746
2009342
3566540
21618782
25869868
24530939
19962668
3296793
10048734
24751834
5152934
6804380
6536267
3006865
2310144
26051798
10478207
21324299
20443799
22010958
25704408
6844887
25715111
20472818
25742254
3999737
10748193
10569710
6849071
10569133
6013868
10773447
25862407
6080748
25852270
6110569
6855849
20513060
11500880
5364987
25728734
6861573
25713540
26384363
25828701
26470514
20284939
21339648
26344993
20473370
25958914
21372183
10756744
20451334
24381046
21967905
10543682
6753096
20380318
20280082
24707368
21264290
25910152
26378144
4827536
26373447
25760472
5992886
25969095
5919324