1296736
3097352
1298248
6129661
1849031
1306029
1294408
3236904
3154003
1294753
1303913
1299248
1449711
1438746
1469105
1439730
1294639
6803494
1297009
1300572
1292230
25954475
1297105
1296067
1301013
1458035
1441903
1293172
1905462
4798888
1962116
1291852
1482022
1298468
1299481
1401196
1293820
1303542
1293783
4036518
1299337
1449406
1441399
10463953
1305487
1793929
1293399
1309115
1418519
1292349
1292238
3074482
1293753
1292943
1298506
3154392
1298250
1296583
1394410
1441903
1293172
1905462
4798888
1962116
1291852
1482022
1298468
1299481
1401196
1293820
1303542
1293783
4036518
1299337
1449406
1441399
10463953
1305487
1793929
1293399
1309115
1418519
1292349
1292238
3074482
1293753
1292943
1298506
3154392
1298250
1296583
1394410
1439463
1305666
1291840
1309015
1308086
3173635
1945253
1297007
1293981
1294497
1417428
3195098
1299775
1438649
1292990
3552028
1293708
3707070
19973780
2077287
1294000
1298261
1767709
1297122
1305615
1424639
1428007
1419169
1298506
3154392
1298250
1296583
1394410
1439463
1305666
1291840
1309015
1308086
3173635
1945253
1297007
1293981
1294497
1417428
3195098
1299775
1438649
1292990
3552028
1293708
3707070
19973780
2077287
1294000
1298261
1767709
1297122
1305615
1424639
1428007
1419169
3094549
1291829
1401756
4023638
1898223
1292268
2336737
1293050
1293414
6776051
1293155
1294584
1296185
25859495
1309003
1309085
1309206
1297368
1305092
1302941
1300932
1307584
1422024
19955955
1294609
1506902
1297274
1300891
1474367
1297122
1305615
1424639
1428007
1419169
3094549
1291829
1401756
4023638
1898223
1292268
2336737
1293050
1293414
6776051
1293155
1294584
1296185
25859495
1309003
1309085
1309206
1297368
1305092
1302941
1300932
1307584
1422024
19955955
1294609
1506902
1297274
1300891
1474367
1920805
1433990
2136824
1293683
1299799
4301274
20389706
1293870
26303622
1293400
1947282
1299663
1297476
3094547
1422955
3205624
4164444
3023164
4116480
1297233
3071604
1293466
1298308
1292660
1293200
1291846
3530752
1301806
19955955
1294609
1506902
1297274
1300891
1474367
1920805
1433990
2136824
1293683
1299799
4301274
20389706
1293870
26303622
1293400
1947282
1299663
1297476
3094547
1422955
3205624
4164444
3023164
4116480
1297233
3071604
1293466
1298308
1292660
1293200
1291846
3530752
1301806
1448751
3154910
1306002
1779304
1866354
1292891
1291845
1418696
1298182
1299783
3094544
1438024
24815950
1291868
2996640
3236520
25908051
1304490
1292585
3070921
1316511
3005365
2284481
1767197
25821498
1424469
1294345
1433567
1298308
1292660
1293200
1291846
3530752
1301806
1448751
3154910
1306002
1779304
1866354
1292891
1291845
1418696
1298182
1299783
3094544
1438024
24815950
1291868
2996640
3236520
25908051
1304490
1292585
3070921
1316511
3005365
2284481
1767197
25821498
1424469
1294345
1433567
1294048
1292681
1432824
1297226
1307548
1293308
20521014
1293392
1469497
2058121
5919108
26286449
2361823
1865561
2056093
3836070
1900848
1793922
1304613
1296272
2078906
2133379
1300185
3156086
1298989
1298366
10748498
1483630
2284481
1767197
25821498
1424469
1294345
1433567
1294048
1292681
1432824
1297226
1307548
1293308
20521014
1293392
1469497
2058121
5919108
26286449
2361823
1865561
2056093
3836070
1900848
1793922
1304613
1296272
2078906
2133379
1300185
3156086
1298989
1298366
10748498
1483630
2081429
2298609
1293216
1295583
1951220
1296827
1295299
1293347
1302976
1293459
1296260
1308778
1858271
1307028
1301741
6788731
1418714
7062607
1907464
6879185
1309070
1308831
1300802
1422957
1422922
2133403
1297147
10792633
1300185
3156086
1298989
1298366
10748498
1483630
2081429
2298609
1293216
1295583
1951220
1296827
1295299
1293347
1302976
1293459
1296260
1308778
1858271
1307028
1301741
6788731
1418714
7062607
1907464
6879185
1309070
1308831
1300802
1422957
1422922
2133403
1297147
10792633
3069368
2081871
2359453
1394064
1296394
1865433
20426863
2135821
1306603
1292452
1296444
1305630
1301635
1291836
1866264
1889242
2072848
1292550
1296769
1300029
1296223
1307649
1900121
1295804
1293694
1898357
3346527
1292874
1300802
1422957
1422922
2133403
1297147
10792633
3069368
2081871
2359453
1394064
1296394
1865433
20426863
2135821
1306603
1292452
1296444
1305630
1301635
1291836
1866264
1889242
2072848
1292550
1296769
1300029
1296223
1307649
1900121
1295804
1293694
1898357
3346527
1292874
1308960
1471508
2133363
1862826
2137132
1308495
2121860
1304580
3305739
1292857
1301692
1296866
1302606
1303466
1301682
1307717
1464872
1295091
3406913
1303185
3821067
3041806
2028677
2997076
3073158
25819229
10756518
21345845
1900121
1295804
1293694
1898357
3346527
1292874
1308960
1471508
2133363
1862826
2137132
1308495
2121860
1304580
3305739
1292857
1301692
1296866
1302606
1303466
1301682
1307717
1464872
1295091
3406913
1303185
3821067
3041806
2028677
2997076
3073158
25819229
10756518
21345845
1300161
2132475
1298084
1929402
3155961
4267948
3608742
1935146
4881217
1929477
1304859
1296228
1307546
6048838
1303274
1293401
1303273
1482105
1297419
3010266
1293499
1309090
1782984
4007916
1309155
1305081
2295854
1308553
2028677
2997076
3073158
25819229
10756518
21345845
1300161
2132475
1298084
1929402
3155961
4267948
3608742
1935146
4881217
1929477
1304859
1296228
1307546
6048838
1303274
1293401
1303273
1482105
1297419
3010266
1293499
1309090
1782984
4007916
1309155
1305081
2295854
1308553
2155166
2255438
1294874
1303473
3439371
1785166
1299408
3199971
1867342
1292931
1418998
3622373
2143930
4212522
1304239
6424132
4221477
1305345
2263153
1305178
25925430
1949900
1294170
2369549
21263666
22265299
3292949
1297271
1782984
4007916
1309155
1305081
2295854
1308553
2155166
2255438
1294874
1303473
3439371
1785166
1299408
3199971
1867342
1292931
1418998
3622373
2143930
4212522
1304239
6424132
4221477
1305345
2263153
1305178
25925430
1949900
1294170
2369549
21263666
22265299
3292949
1297271
1424218
10453731
1482099
1301720
3210534
10735399
1776595
1438290
3205567
1421548
19975328
20497905
1307503
1304858
1301600
1301610
24722295
1304205
1303111
6877511
2042560
6877934
3578981
2133340
5151939
1308950
1827042
25850443
1294170
2369549
21263666
22265299
3292949
1297271
1424218
10453731
1482099
1301720
3210534
10735399
1776595
1438290
3205567
1421548
19975328
20497905
1307503
1304858
1301600
1301610
24722295
1304205
1303111
6877511
2042560
6877934
3578981
2133340
5151939
1308950
1827042
25850443
1850660
21319853
26356495
1305671
4903990
1767113
1307358
1299691
1438870
1787541
10568385
26200413
1301917
1678781
1293528
3283192
1297599
1304217
1818330
1464592
1304439
1308611
4116995
2148257
4709671
2148619
2294565
3011022
3578981
2133340
5151939
1308950
1827042
25850443
1850660
21319853
26356495
1305671
4903990
1767113
1307358
1299691
1438870
1787541
10568385
26200413
1301917
1678781
1293528
3283192
1297599
1304217
1818330
1464592
1304439
1308611
4116995
2148257
4709671
2148619
2294565
3011022
3073117
3089638
23415048
1530604
11594900
5395238
21870330
26440017
3237806
10545939
2367243
1482709
1860784
10744165
21370611
5155128
6519575
1293326
1293340
1293526
10748493
1499762
6875425
1298357
7065161
3072822
1303368
1878176
4116995
2148257
4709671
2148619
2294565
3011022
3073117
3089638
23415048
1530604
11594900
5395238
21870330
26440017
3237806
10545939
2367243
1482709
1860784
10744165
21370611
5155128
6519575
1293326
1293340
1293526
10748493
1499762
6875425
1298357
7065161
3072822
1303368
1878176
1309218
1297514
4707935
25920096
3073287
3153991
1419899
3003829
23762611
1293461
1464134
1959788
3005606
6749659
3272846
1297330
1293055
4713177
3706858
1891179
1863955
2230906
3006769
3179741
1439400
1468710
4830500
3073202
6875425
1298357
7065161
3072822
1303368
1878176
1309218
1297514
4707935
25920096
3073287
3153991
1419899
3003829
23762611
1293461
1464134
1959788
3005606
6749659
3272846
1297330
1293055
4713177
3706858
1891179
1863955
2230906
3006769
3179741
1439400
1468710
4830500
3073202
11614065
1759579
11598977
10756517
4896295
1298977
1459399
1296408
1306566
10450713
10548265
6078003
1461370
1918648
3217150
1422915
3001143
1898239
1422970
1853695
1304212
1301595
10774103
1476023
6041200
3158449
5343629
2127789
3006769
3179741
1439400
1468710
4830500
3073202
11614065
1759579
11598977
10756517
4896295
1298977
1459399
1296408
1306566
10450713
10548265
6078003
1461370
1918648
3217150
1422915
3001143
1898239
1422970
1853695
1304212
1301595
10774103
1476023
6041200
3158449
5343629
2127789
1307439
1419942
10742456
1456053
3231633
3732536
2032867
1759575
26288054
1441602
1307072
1478063
4221515
1792933
21370624
25901741
3069359
5915794
1306582
21351847
4197788
1478610
3006294
3432861
11580479
3010415
25887846
1304581
1476023
6041200
3158449
5343629
2127789
1307439
1419942
10742456
1456053
3231633
3732536
2032867
1759575
26288054
1441602
1307072
1478063
4221515
1792933
21370624
25901741
3069359
5915794
1306582
21351847
4197788
1478610
3006294
3432861
11580479
3010415
25887846
1304581
1830411
1307309
1440736
1464141
1856799
3718678
6781971
4915135
1464171
1293333
1293961
1764800
26363212
1440129
2159051
3675154
1308172
3445526
1309132
5924360
10483519
3010407
10794042
6874137
3878037
3757268
2039738
2153579
3432861
11580479
3010415
25887846
1304581
1830411
1307309
1440736
1464141
1856799
3718678
6781971
4915135
1464171
1293333
1293961
1764800
26363212
1440129
2159051
3675154
1308172
3445526
1309132
5924360
10483519
3010407
10794042
6874137
3878037
3757268
2039738
2153579
6877703
19971387
3437161
6021276
25720154
4856162
5365459
3679171
10617694
10456894
1400123
1951195
25700831
3606975
4821046
1304134
5997856
6013758
11627084
24551558
20438460
11627079
20388219
21363244
10757012