1297630
1293181
1298415
1292547
1305235
1305323
1486017
1481913
1305896
1301004
1441134
1305388
1296791
1295255
1303083
1301485
1306021
1963605
1303459
1457127
26575234
1306850
1293893
1439560
1421741
1301151
1301459
2377539
1293925
1308657
2031450
1475239
2059819
1300749
1465471
1302362
1294544
1292225
1293852
1295942
2241829
1467779
1294825
1418752
1306809
1293124
1300868
10485526
1303917
1482090
25794230
1293778
1963131
1304665
1296646
1299898
1478336
2040107
1729037
22715021
1299765
1773217
1300377
4180445
1296794
1461079
1297203
1462839
1301647
1305606
1867801
1472301
1437094
1302012
1296182
1308752
1437109
1293755
5346468
3023155
2301363
1296685
1304866
1293503
1296030
1447032
1303856
1301621
1423021
1466007
3804629
3011997
2255841
1301409
1866462
4830236
1436846
1298593
1303460
1304659
1296700
1302654
1303472
1858064
1305611
1296929
4130238
1303728
2242277
3143676
1895120
1307696
1303184
2122766
1294621
1308995
2336783
25774050
1309088
2160611
3126187
3792868
1302393
1296360
1299539
2310059
1741924
1306474
1757374
1304436
1448277
1299767
1441644
1293165
1306742
1293858
1306005
1793903
1306808
1299765
1773217
1300377
4180445
1296794
1461079
1297203
1462839
1301647
1305606
1867801
1472301
1437094
1302012
1296182
1308752
1437109
1293755
5346468
3023155
2301363
1296685
1304866
1293503
1296030
1447032
1303856
1301621
1423021
1466007
3804629
3011997
2255841
1301409
1866462
4830236
1436846
1298593
1303460
1304659
1296700
1302654
1303472
1858064
1305611
1296929
4130238
1303728
2242277
3143676
1895120
1307696
1303184
2122766
1294621
1308995
2336783
25774050
1309088
2160611
3126187
3792868
1302393
1296360
1299539
2310059
1741924
1306474
1757374
1304436
1448277
1299767
1441644
1293165
1306742
1293858
1306005
1793903
1306808
6021916
1298040
1305248
1293171
1292664
1307488
6719716
1293198
1401124
1771925
1295578
1299667
1472532
1297522
2278795
1303897
4934992
2295799
1296008
1484633
1306078
1293129
1295402
1298597
1295834
1307866
1293450
1292813
1408305
1850910
1297790
1297599
1995011
1293552
4817901
1308047
3259993
2047910
1308554
1294789
3011617
4122701
1293073
1853768
1298389
1766813
1422306
1472783
1777408
1298947
1301156
1293448
1296332
1305793
1304044
1305843
1307800
1297996
1292739
1295276
1302447
1421886
1828002
1422340
1479872
1293568
1741924
1306474
1757374
1304436
1448277
1299767
1441644
1293165
1306742
1293858
1306005
1793903
1306808
6021916
1298040
1305248
1293171
1292664
1307488
6719716
1293198
1401124
1771925
1295578
1299667
1472532
1297522
2278795
1303897
4934992
2295799
1296008
1484633
1306078
1293129
1295402
1298597
1295834
1307866
1293450
1292813
1408305
1850910
1297790
1297599
1995011
1293552
4817901
1308047
3259993
2047910
1308554
1294789
3011617
4122701
1293073
1853768
1298389
1766813
1422306
1472783
1777408
1298947
1301156
1293448
1296332
1305793
1304044
1305843
1307800
1297996
1292739
1295276
1302447
1421886
1828002
1422340
1479872
1293568
1863361
1950810
1305914
1437495
1947318
3771562
1482911
1296026
1300392
1304531
1401873
2059313
3001142
1305789
1979068
2127388
25909566
2298983
1797519
2294458
1296186
2146591
1887955
1293451
1305945
1302481
1293762
1770510
1298120
1316693
1305046
1301630
1304129
1780168
2252778
2030563
25785807
1309194
1438790
1293330
1292501
1293433
1830189
1292599
1300085
1292832
1416301
6889400
1298572
1302294
1297100
1858267
1301021
1293042
1294764
1295077
6558263
2059276
1302500
1293431
1304933
2258268
11598923
1417079
1929449
2080560
1305793
1304044
1305843
1307800
1297996
1292739
1295276
1302447
1421886
1828002
1422340
1479872
1293568
1863361
1950810
1305914
1437495
1947318
3771562
1482911
1296026
1300392
1304531
1401873
2059313
3001142
1305789
1979068
2127388
25909566
2298983
1797519
2294458
1296186
2146591
1887955
1293451
1305945
1302481
1293762
1770510
1298120
1316693
1305046
1301630
1304129
1780168
2252778
2030563
25785807
1309194
1438790
1293330
1292501
1293433
1830189
1292599
1300085
1292832
1416301
6889400
1298572
1302294
1297100
1858267
1301021
1293042
1294764
1295077
6558263
2059276
1302500
1293431
1304933
2258268
11598923
1417079
1929449
2080560
1299374
1306894
3529375
1455849
4301285
2027923
2252775
1949329
1507152
1307775
1307221
2328749
3012009
1461401
1422908
1578718
1299111
1303944
1294597
1304514
1305059
1440583
1304791
1293565
3032434
1578715
1789665
1300801
1300773
1471958
1294098
1593738
1302006
1294440
1309184
1972732
25774051
2057552
2127788
3041261
4049700
1773614
10810336
1300077
1305324
5258036
1423035
5908473
3095189
1306403
1304766
1433359
1470328
1304021
1308704
1759288
10604554
3066798
1298214
2259312
1301348
5157788
1916927
2333651
1951186
1297295
1293042
1294764
1295077
6558263
2059276
1302500
1293431
1304933
2258268
11598923
1417079
1929449
2080560
1299374
1306894
3529375
1455849
4301285
2027923
2252775
1949329
1507152
1307775
1307221
2328749
3012009
1461401
1422908
1578718
1299111
1303944
1294597
1304514
1305059
1440583
1304791
1293565
3032434
1578715
1789665
1300801
1300773
1471958
1294098
1593738
1302006
1294440
1309184
1972732
25774051
2057552
2127788
3041261
4049700
1773614
10810336
1300077
1305324
5258036
1423035
5908473
3095189
1306403
1304766
1433359
1470328
1304021
1308704
1759288
10604554
3066798
1298214
2259312
1301348
5157788
1916927
2333651
1951186
1297295
25941964
1301518
1304364
1299602
1792694
1293419
1422205
1308246
3792869
1295317
1293558
1292913
1300751
1479860
1888938
1307913
1292743
1305306
1456197
1453067
2054070
1758487
3066083
1296535
1308499
1436679
6021917
2998340
10733357
1298041
1294732
1301119
1788094
1297773
25881628
1293035
1358386
1298065
2133483
3262111
1440685
20451118
1439241
1309097
2127676
1298876
1473078
1417045
1307100
2133564
1767888
1306528
4748295
1432288
1309166
1305672
2083861
1299552
6558261
2135820
1296012
1908193
1300545
1303011
2279092
1298418
1304021
1308704
1759288
10604554
3066798
1298214
2259312
1301348
5157788
1916927
2333651
1951186
1297295
25941964
1301518
1304364
1299602
1792694
1293419
1422205
1308246
3792869
1295317
1293558
1292913
1300751
1479860
1888938
1307913
1292743
1305306
1456197
1453067
2054070
1758487
3066083
1296535
1308499
1436679
6021917
2998340
10733357
1298041
1294732
1301119
1788094
1297773
25881628
1293035
1358386
1298065
2133483
3262111
1440685
20451118
1439241
1309097
2127676
1298876
1473078
1417045
1307100
2133564
1767888
1306528
4748295
1432288
1309166
1305672
2083861
1299552
6558261
2135820
1296012
1908193
1300545
1303011
2279092
1298418
26557880
1297659
1305114
3990098
1307807
1793571
6837235
1308797
3105162
3097525
1294506
22759752
1307695
1892527
22759660
1309222
20501030
1307884
5374152
1480051
25821124
3212352
6874140
1963710
1293798
6124043
1303237
1693078
1303676
22522269
3824357
1294123
24877502
1444594
1794401
20274105
2133596
1307867
5159993
1297010
1296035
1293920
1293275
1307773
1293267
10800169
1479864
1295674
1291871
1293481
25792792
1308561
1295036
1695241
1459786
1982041
2372894
1302578
1298855
1472018
1303782
1307226
2033843
3199513
1840881
2135986
1432288
1309166
1305672
2083861
1299552
6558261
2135820
1296012
1908193
1300545
1303011
2279092
1298418
26557880
1297659
1305114
3990098
1307807
1793571
6837235
1308797
3105162
3097525
1294506
22759752
1307695
1892527
22759660
1309222
20501030
1307884
5374152
1480051
25821124
3212352
6874140
1963710
1293798
6124043
1303237
1693078
1303676
22522269
3824357
1294123
24877502
1444594
1794401
20274105
2133596
1307867
5159993
1297010
1296035
1293920
1293275
1307773
1293267
10800169
1479864
1295674
1291871
1293481
25792792
1308561
1295036
1695241
1459786
1982041
2372894
1302578
1298855
1472018
1303782
1307226
2033843
3199513
1840881
2135986
1940086
6394339
1416850
25777512
6128025
6853653
1302762
5029050
2988506
6874567
5384590
1306984
1819888
2373638
1768941
26281899
5351755
1298152
4813645
10744976
1394470
1826749
1293390
3288399
1297500
2000830
1295875
1882503
1306345
1304545
1304243
1389984
1295447
5326608
2364162
26373154
1300385
2134334
25872196
1438633
1421885
1303378
1477288
1297707
20436359
1991223
1420016
2139299
1440025
2333654
1842073
1900784
1301360
3268171
1308829
3011550
2361386
3150346
1295831
1428344
1839857
1309217
2132486
1437883
1299495
6875615
1695241
1459786
1982041
2372894
1302578
1298855
1472018
1303782
1307226
2033843
3199513
1840881
2135986
1940086
6394339
1416850
25777512
6128025
6853653
1302762
5029050
2988506
6874567
5384590
1306984
1819888
2373638
1768941
26281899
5351755
1298152
4813645
10744976
1394470
1826749
1293390
3288399
1297500
2000830
1295875
1882503
1306345
1304545
1304243
1389984
1295447
5326608
2364162
26373154
1300385
2134334
25872196
1438633
1421885
1303378
1477288
1297707
20436359
1991223
1420016
2139299
1440025
2333654
1842073
1900784
1301360
3268171
1308829
3011550
2361386
3150346
1295831
1428344
1839857
1309217
2132486
1437883
1299495
6875615
1871840
1293442
2075994
2032339
1778999
1307146
3212400
1482102
1309032
1850521
1297576
1883406
1485185
1951014
1949128
1299586
24746974
1293143
1305463
1302604
2141149
1293956
1294276
2049667
1419929
1309058
1863449
1578484
1478851
5952590
1788098
1479869
10471540
1295796
3703290
1982073
3210963
25890082
2137130
1307022
1316535
2134823
1306942
1292910
2156696
3137463
1304342
1478230
1302385
1297526
3041294
4326412
2213119
1303847
1292779
25870483
2129170
1871836
1293133
1870801
1305419
1307026
2364838
1949129
25850944
6860303
3268171
1308829
3011550
2361386
3150346
1295831
1428344
1839857
1309217
2132486
1437883
1299495
6875615
1871840
1293442
2075994
2032339
1778999
1307146
3212400
1482102
1309032
1850521
1297576
1883406
1485185
1951014
1949128
1299586
24746974
1293143
1305463
1302604
2141149
1293956
1294276
2049667
1419929
1309058
1863449
1578484
1478851
5952590
1788098
1479869
10471540
1295796
3703290
1982073
3210963
25890082
2137130
1307022
1316535
2134823
1306942
1292910
2156696
3137463
1304342
1478230
1302385
1297526
3041294
4326412
2213119
1303847
1292779
25870483
2129170
1871836
1293133
1870801
1305419
1307026
2364838
1949129
25850944
6860303
1295955
3688345
1302495
3240436
1482029
1307926
1827027
6061975
25934361
1915331
3725361
1304553
1304551
1918547
1292556
5360999
1307282
2074597
3073050
1302648
1301257
1294309
1479816
2333652
1304063
3329336
1804999
1293523
1915371
3925374
2224656
1306677
1419972
25775571
1431755
2032341
1301042
1306544
6788517
3785958
1308792
1422204
1302429
1306601
1309125
1886896
1774223
25785812
3284768
3524289
10466639
6383536
1853181
2988509
1308040
1857086
4312245
1308046
1439177
1297538
3779111
2009469
25751623
1385566
1296720
2133619
1303847
1292779
25870483
2129170
1871836
1293133
1870801
1305419
1307026
2364838
1949129
25850944
6860303
1295955
3688345
1302495
3240436
1482029
1307926
1827027
6061975
25934361
1915331
3725361
1304553
1304551
1918547
1292556
5360999
1307282
2074597
3073050
1302648
1301257
1294309
1479816
2333652
1304063
3329336
1804999
1293523
1915371
3925374
2224656
1306677
1419972
25775571
1431755
2032341
1301042
1306544
6788517
3785958
1308792
1422204
1302429
1306601
1309125
1886896
1774223
25785812
3284768
3524289
10466639
6383536
1853181
2988509
1308040
1857086
4312245
1308046
1439177
1297538
3779111
2009469
25751623
1385566
1296720
2133619
1303998
1293441
1419872
1304493
3380438
20427592
3214136
1484138
1307864
3002806
2002813
1293331
1388234
1296766
1308215
3783965
1429057
2082394
1299175
1481112
1858259
3026007
1401138
1303906
2275392
1294180
2978290
1304432
3749974
3718323
2002954
3148064
1892147
24870066
6383567
10508879
4023433
1578663
1309056
11610998
6038071
1584898
1507144
2053665
1294279
1305783
1299591
1304532
3017555
2133592
1304312
1307660
1464160
1293245
6780857
2132083
1401335
1293081
1422936
22266974
1293473
1293339
1718158
2333653
1303346
1480007
2988509
1308040
1857086
4312245
1308046
1439177
1297538
3779111
2009469
25751623
1385566
1296720
2133619
1303998
1293441
1419872
1304493
3380438
20427592
3214136
1484138
1307864
3002806
2002813
1293331
1388234
1296766
1308215
3783965
1429057
2082394
1299175
1481112
1858259
3026007
1401138
1303906
2275392
1294180
2978290
1304432
3749974
3718323
2002954
3148064
1892147
24870066
6383567
10508879
4023433
1578663
1309056
11610998
6038071
1584898
1507144
2053665
1294279
1305783
1299591
1304532
3017555
2133592
1304312
1307660
1464160
1293245
6780857
2132083
1401335
1293081
1422936
22266974
1293473
1293339
1718158
2333653
1303346
1480007
1958779
1300305
1427789
1299265
2998395
1461348
2361528
1401966
1436680
4117274
2185187
24736793
5365963
1292836
3735003
1302638
3217669
25798132
1437037
2059125
1304165
6519403
1309023
1439394
1309009
2374513
1299957
1419966
1418331
6311983
2268357
1476669
24699451
1867223
3011979
10462218
3598215
3011059
1302343
2051576
2134290
2132424
1298450
1305037
3292100
1578694
2033985
3011086
1871290
1296498
1908198
1756740
1772850
1302360
1867398
2123510
2269893
1461226
2028661
1465415
25728008
3148877
2132426
2244593
1306670
1295204
1293245
6780857
2132083
1401335
1293081
1422936
22266974
1293473
1293339
1718158
2333653
1303346
1480007
1958779
1300305
1427789
1299265
2998395
1461348
2361528
1401966
1436680
4117274
2185187
24736793
5365963
1292836
3735003
1302638
3217669
25798132
1437037
2059125
1304165
6519403
1309023
1439394
1309009
2374513
1299957
1419966
1418331
6311983
2268357
1476669
24699451
1867223
3011979
10462218
3598215
3011059
1302343
2051576
2134290
2132424
1298450
1305037
3292100
1578694
2033985
3011086
1871290
1296498
1908198
1756740
1772850
1302360
1867398
2123510
2269893
1461226
2028661
1465415
25728008
3148877
2132426
2244593
1306670
1295204
2296544
5240540
11599239
1309110
1308069
1482354
1298602
2133405
3618294
5155783
2977365
6147186
1437332
20389691
1295387
3068236
1296221
2133574
2245452
10581946
24696717
2363373
3011980
1769856
3102695
1301206
4079120
2134868
1908323
1963937
1299329
1308980
1307074
3014307
3389603
1308117
1307740
6874441
1962823
5156706
1914923
3230148
21937442
1939690
2999489
2980431
2051750
6061437
1424661
4088895
1865656
6870692
2160638
3162377
1302401
3418436
1826150
1951013
2992767
1474302
6307966
3034755
21348445
4090531
14321432
5325335
1302360
1867398
2123510
2269893
1461226
2028661
1465415
25728008
3148877
2132426
2244593
1306670
1295204
2296544
5240540
11599239
1309110
1308069
1482354
1298602
2133405
3618294
5155783
2977365
6147186
1437332
20389691
1295387
3068236
1296221
2133574
2245452
10581946
24696717
2363373
3011980
1769856
3102695
1301206
4079120
2134868
1908323
1963937
1299329
1308980
1307074
3014307
3389603
1308117
1307740
6874441
1962823
5156706
1914923
3230148
21937442
1939690
2999489
2980431
2051750
6061437
1424661
4088895
1865656
6870692
2160638
3162377
1302401
3418436
1826150
1951013
2992767
1474302
6307966
3034755
21348445
4090531
14321432
5325335
1305187
3230168
1825683
1303672
4935243
2154783
25725308
1301351
3154387
26287434
2255835
1479855
1302162
1306214
1437107
1786077
3238168
1825684
1306507
2016214
1304128
2136217
2052367
10481115
1308793
1937116
2084450
1304284
1296188
1305655
4883258
3727661
2132477
1779689
2159244
1301928
2302162
5985871
1302244
1876686
2229550
2998478
10459268
20266418
1864995
3804835
4017154
2136652
6900095
1765480
5159495
6053684
7046520
5501708
4313237
2342491
1308591
13899371
25903068
3334485
4281574
10566041
11626996
3225319
3057784
26299479
3162377
1302401
3418436
1826150
1951013
2992767
1474302
6307966
3034755
21348445
4090531
14321432
5325335
1305187
3230168
1825683
1303672
4935243
2154783
25725308
1301351
3154387
26287434
2255835
1479855
1302162
1306214
1437107
1786077
3238168
1825684
1306507
2016214
1304128
2136217
2052367
10481115
1308793
1937116
2084450
1304284
1296188
1305655
4883258
3727661
2132477
1779689
2159244
1301928
2302162
5985871
1302244
1876686
2229550
2998478
10459268
20266418
1864995
3804835
4017154
2136652
6900095
1765480
5159495
6053684
7046520
5501708
4313237
2342491
1308591
13899371
25903068
3334485
4281574
10566041
11626996
3225319
3057784
26299479
3426896
22759708
2042933
1294839
2287735
1917384
1422986
1877818
1916923
3078764
1507141
4038174
2030114
5343622
6532822
10453723
4099277
1890787
1428108
4265409
10508907
3289348
22266898
21348112
1308079
3660836
4708013
1963940
1951222
3168094
21355504
4729828
1308017
1304510
22518928
1908174
1507366
1479809
6028313
3011472
25818613
2975945
2156381
1507160
3337007
5173651
4082744
2212190
5383030
24298333
26012598
2255839
3077768
2117898
5960681
2036996
4707534
3250619
3011052
3072894
25837074
6428516
1422934
2301676
1293099
1984772
5501708
4313237
2342491
1308591
13899371
25903068
3334485
4281574
10566041
11626996
3225319
3057784
26299479
3426896
22759708
2042933
1294839
2287735
1917384
1422986
1877818
1916923
3078764
1507141
4038174
2030114
5343622
6532822
10453723
4099277
1890787
1428108
4265409
10508907
3289348
22266898
21348112
1308079
3660836
4708013
1963940
1951222
3168094
21355504
4729828
1308017
1304510
22518928
1908174
1507366
1479809
6028313
3011472
25818613
2975945
2156381
1507160
3337007
5173651
4082744
2212190
5383030
24298333
26012598
2255839
3077768
2117898
5960681
2036996
4707534
3250619
3011052
3072894
25837074
6428516
1422934
2301676
1293099
1984772
1433358
10741865
3804728
6523137
3993196
4753436
25733874
3175453
1962267
2330310
5488029
25885962
1305121
4077308
1908322
1765463
23286078
10764054
3075985
2400696
1839626
3637239
3742949
3305885
2075358
24737157
1299595
24694696
4918495
2295401
25812885
24522915
1298230
3789921
24089455
1482088
2138418
4845723
6957289
2262224
25884436
2075710
25770733
25823125
3319767
2278164
3022894
2042154
11639636
1293356
1304023
26576551
4067223
4132521
25951377
1308984
1304278
3289482
6958992
1304220
24859895
21334546
3681198
1826163
3233664
3147969
2117898
5960681
2036996
4707534
3250619
3011052
3072894
25837074
6428516
1422934
2301676
1293099
1984772
1433358
10741865
3804728
6523137
3993196
4753436
25733874
3175453
1962267
2330310
5488029
25885962
1305121
4077308
1908322
1765463
23286078
10764054
3075985
2400696
1839626
3637239
3742949
3305885
2075358
24737157
1299595
24694696
4918495
2295401
25812885
24522915
1298230
3789921
24089455
1482088
2138418
4845723
6957289
2262224
25884436
2075710
25770733
25823125
3319767
2278164
3022894
2042154
11639636
1293356
1304023
26576551
4067223
4132521
25951377
1308984
1304278
3289482
6958992
1304220
24859895
21334546
3681198
1826163
3233664
3147969
6082517
3003192
4092661
22519789
1485255
3012031
23766551
1902534
5064521
24704130
1459323
19951145
2189725
3118551
1461254
25776178
22266750
26385887
4011925
3195105
4224317
25744381
2237344
1946996
1308834
3727658
1960313
1875321
10429695
25886495
2049569
3014399
2301125
3075966
2212176
2059312
1480010
24523683
1307206
1301939
20392195
3262087
2134372
2134543
4946942
1448724
1983590
6886462
2076456
1915461
5152894
11637682
1437898
1814266
3195895
10744758
1853417
2122767
3213305
3068563
1979067
2228823
26176503
26617314
2133482
5286801
4132521
25951377
1308984
1304278
3289482
6958992
1304220
24859895
21334546
3681198
1826163
3233664
3147969
6082517
3003192
4092661
22519789
1485255
3012031
23766551
1902534
5064521
24704130
1459323
19951145
2189725
3118551
1461254
25776178
22266750
26385887
4011925
3195105
4224317
25744381
2237344
1946996
1308834
3727658
1960313
1875321
10429695
25886495
2049569
3014399
2301125
3075966
2212176
2059312
1480010
24523683
1307206
1301939
20392195
3262087
2134372
2134543
4946942
1448724
1983590
6886462
2076456
1915461
5152894
11637682
1437898
1814266
3195895
10744758
1853417
2122767
3213305
3068563
1979067
2228823
26176503
26617314
2133482
5286801
2051452
1439192
25911970
3603381
2061783
20506382
25831883
1298309
20513061
4058698
1940459
1422938
1875320
1921003
2133415
25815542
25870716
3231887
25732529
25868191
2983985
25757716
4005227
1307066
3077754
3824351
3291933
1459102
1468031
1873007
1578710
2132894
5327071
3017832
2133903
10488606
3015840
2065053
5154606
1304140
2042936
3097028
3054967
5155066
25873888
2978498
3557495
10760044
3804488
2301909
2230926
24852726
25745786
11445627
2274323
10763099
4067176
26582064
10549223
10774980
1875317
6722873
25860868
2133467
1307222
3279143
1814266
3195895
10744758
1853417
2122767
3213305
3068563
1979067
2228823
26176503
26617314
2133482
5286801
2051452
1439192
25911970
3603381
2061783
20506382
25831883
1298309
20513061
4058698
1940459
1422938
1875320
1921003
2133415
25815542
25870716
3231887
25732529
25868191
2983985
25757716
4005227
1307066
3077754
3824351
3291933
1459102
1468031
1873007
1578710
2132894
5327071
3017832
2133903
10488606
3015840
2065053
5154606
1304140
2042936
3097028
3054967
5155066
25873888
2978498
3557495
10760044
3804488
2301909
2230926
24852726
25745786
11445627
2274323
10763099
4067176
26582064
10549223
10774980
1875317
6722873
25860868
2133467
1307222
3279143
3583797
19954796
4166518
26362770
3182794
3291752
20280040
3725385
2977956
10771234
2030721
5265210
3627307
10512944
2030560
6795529
4933210
1441293
5353616
2032389
3240844
10437605
24889933
10531422
1755503
3667117
1878486
26022765
20273820
26328118
6867553
3082634
6557916
1849830
2263104
3011296
4903604
2335252
5323911
5295974
24709327
25713386
5157128
4964688
24594003
24527590
10727637
5153912
3655095
4828325
1811479
2137080
4831508
19971692
2244743
1944141
25886490
25905746
5156841
4910867
11533602
2009342
2277019
4807486
3296793
25741300
11445627
2274323
10763099
4067176
26582064
10549223
10774980
1875317
6722873
25860868
2133467
1307222
3279143
3583797
19954796
4166518
26362770
3182794
3291752
20280040
3725385
2977956
10771234
2030721
5265210
3627307
10512944
2030560
6795529
4933210
1441293
5353616
2032389
3240844
10437605
24889933
10531422
1755503
3667117
1878486
26022765
20273820
26328118
6867553
3082634
6557916
1849830
2263104
3011296
4903604
2335252
5323911
5295974
24709327
25713386
5157128
4964688
24594003
24527590
10727637
5153912
3655095
4828325
1811479
2137080
4831508
19971692
2244743
1944141
25886490
25905746
5156841
4910867
11533602
2009342
2277019
4807486
3296793
25741300
6964060
25993067
10583383
2257557
2968841
5152934
6804380
25824354
3677992
25903828
1308054
6858224
6026247
2998797
3006865
25803048
4299099
26051798
10478207
22010958
25704408
21772770
2997045
6424184
6844887
1418770
10747856
20376573
10535457
25742254
10748193
10569710
6013868
11627065
3851822
4894074
20513060
11500880
6436769
5364987
25713540
25828701
26345722
6967859
20473370
24717815
6874155
26386617
21967905
26593958
20380318
10472195
11511025
5992886
11445635
25856457
11612905
6130488
5919324