1295124
1300267
1291858
1292206
1303418
1441039
1296736
1769507
1293909
1301026
1294573
1295614
1298248
1296909
1295646
1299248
1292778
1306464
1294639
1292849
1293318
1293964
3008247
1291822
10450409
1303067
1305697
1292969
10543907
1400935
1416895
1307067
1292897
1295759
3993559
1962116
6393127
1296196
1303535
1303036
1293146
1295920
1300956
1305533
25839041
1292402
10463953
1296753
1309115
1306664
1292349
1294421
1292472
1291860
1303075
1303562
1303073
1421933
1308607
1305647
1305697
1292969
10543907
1400935
1416895
1307067
1292897
1295759
3993559
1962116
6393127
1296196
1303535
1303036
1293146
1295920
1300956
1305533
25839041
1292402
10463953
1296753
1309115
1306664
1292349
1294421
1292472
1291860
1303075
1303562
1303073
1421933
1308607
1305647
1294245
1441038
1293150
3173635
1306303
1293492
1389949
1292586
1295116
1302077
1438584
1419005
1294532
1466419
1303285
1301725
1293231
1306388
1294681
1422186
1770980
1440040
1303043
1291853
1291824
1301726
1300055
1292403
1303075
1303562
1303073
1421933
1308607
1305647
1294245
1441038
1293150
3173635
1306303
1293492
1389949
1292586
1295116
1302077
1438584
1419005
1294532
1466419
1303285
1301725
1293231
1306388
1294681
1422186
1770980
1440040
1303043
1291853
1291824
1301726
1300055
1292403
4328443
1294827
1293626
1316627
24869803
1307756
1294808
1294605
1305615
1298455
1307417
1308510
1464535
1292671
1293395
1292851
1292830
1296872
1295538
1904606
1293942
2052298
1302347
1301261
1389913
1304972
2132220
1292260
3033864
1291853
1291824
1301726
1300055
1292403
4328443
1294827
1293626
1316627
24869803
1307756
1294808
1294605
1305615
1298455
1307417
1308510
1464535
1292671
1293395
1292851
1292830
1296872
1295538
1904606
1293942
2052298
1302347
1301261
1389913
1304972
2132220
1292260
3033864
1292207
1298638
1305530
1766827
1302941
1296617
1293945
1300932
1303972
1308097
1929726
1296116
1305214
2974293
1858802
1433556
1296334
2286418
1294958
6129462
1299903
1304952
1303081
1294100
1466403
1292885
1302321
1863991
1301261
1389913
1304972
2132220
1292260
3033864
1292207
1298638
1305530
1766827
1302941
1296617
1293945
1300932
1303972
1308097
1929726
1296116
1305214
2974293
1858802
1433556
1296334
2286418
1294958
6129462
1299903
1304952
1303081
1294100
1466403
1292885
1302321
1863991
1303174
1303495
1299257
1950148
1306505
1293934
1293396
10773239
1298308
1416942
1294562
3072804
1301723
1293714
1293750
1307201
1303041
1300347
1306426
1303064
2063530
1303452
1291845
1418696
1394491
1299783
3649049
3734112
1303081
1294100
1466403
1292885
1302321
1863991
1303174
1303495
1299257
1950148
1306505
1293934
1293396
10773239
1298308
1416942
1294562
3072804
1301723
1293714
1293750
1307201
1303041
1300347
1306426
1303064
2063530
1303452
1291845
1418696
1394491
1299783
3649049
3734112
4206436
1307332
1292234
1308078
1464540
1780122
1308890
1304730
1300306
1298911
1424469
1422283
1300366
1302201
1418780
1294613
1303549
2058121
1298619
1400889
1917171
2381810
1299811
1301679
1309162
1292766
26356488
1292738
1291845
1418696
1394491
1299783
3649049
3734112
4206436
1307332
1292234
1308078
1464540
1780122
1308890
1304730
1300306
1298911
1424469
1422283
1300366
1302201
1418780
1294613
1303549
2058121
1298619
1400889
1917171
2381810
1299811
1301679
1309162
1292766
26356488
1292738
1296669
1295221
1292744
1306929
1299486
1304756
1303090
3602096
1299566
1307015
1296719
1294557
1303533
1294619
1302987
1767042
1907464
23331914
1299383
1461964
1293770
21348876
1292781
10792633
1422286
3445457
1786231
2081871
1307405
1301679
1309162
1292766
26356488
1292738
1296669
1295221
1292744
1306929
1299486
1304756
1303090
3602096
1299566
1307015
1296719
1294557
1303533
1294619
1302987
1767042
1907464
23331914
1299383
1461964
1293770
21348876
1292781
10792633
1422286
3445457
1786231
2081871
1307405
3686175
1438274
1296394
1308241
1305022
1293774
1294698
1304130
1307692
1417454
1298965
10807909
1305182
1889242
1302050
1308660
1302457
1292874
1438091
4924799
1305309
1966050
1431694
1471508
3671938
1305526
1300698
1481499
10792633
1422286
3445457
1786231
2081871
1307405
3686175
1438274
1296394
1308241
1305022
1293774
1294698
1304130
1307692
1417454
1298965
10807909
1305182
1889242
1302050
1308660
1302457
1292874
1438091
4924799
1305309
1966050
1431694
1471508
3671938
1305526
1300698
1481499
1304580
1418997
1300553
1293228
3778246
1298656
1305051
1438317
1493578
1420077
1306843
1888407
6724955
1295346
1440874
1771244
2028645
1853176
2277841
1307749
5361544
1434172
1296973
26384515
1929402
10756870
1433701
1394315
1431694
1471508
3671938
1305526
1300698
1481499
1304580
1418997
1300553
1293228
3778246
1298656
1305051
1438317
1493578
1420077
1306843
1888407
6724955
1295346
1440874
1771244
2028645
1853176
2277841
1307749
5361544
1434172
1296973
26384515
1929402
10756870
1433701
1394315
1297759
2140558
3102174
2265111
2263156
1916282
1304814
2174127
1427621
1300321
26353881
1951191
1401512
1876476
2294568
1295120
1298874
1305034
1478066
1461985
1306606
1785166
1299593
1306444
1452554
1867342
1293303
1323747
1424552
26384515
1929402
10756870
1433701
1394315
1297759
2140558
3102174
2265111
2263156
1916282
1304814
2174127
1427621
1300321
26353881
1951191
1401512
1876476
2294568
1295120
1298874
1305034
1478066
1461985
1306606
1785166
1299593
1306444
1452554
1867342
1293303
1323747
1424552
6970906
2074009
1292600
1307164
1293510
6424132
1304639
2263153
1301670
2009943
3177216
1472251
4118863
1299034
1298721
1307366
1296325
21263666
1297271
1424218
1849026
1305308
1308524
1776595
3011082
3681128
1301547
1438938
1306444
1452554
1867342
1293303
1323747
1424552
6970906
2074009
1292600
1307164
1293510
6424132
1304639
2263153
1301670
2009943
3177216
1472251
4118863
1299034
1298721
1307366
1296325
21263666
1297271
1424218
1849026
1305308
1308524
1776595
3011082
3681128
1301547
1438938
1293089
1309226
4302923
26272363
1418873
1482707
1951113
1296091
1307496
1306114
1304761
1483955
3011057
1419925
1297285
24722295
1303572
1293502
1293008
1949812
1308950
1305524
1461981
4825006
1401124
1424630
26356495
1308306
1308524
1776595
3011082
3681128
1301547
1438938
1293089
1309226
4302923
26272363
1418873
1482707
1951113
1296091
1307496
1306114
1304761
1483955
3011057
1419925
1297285
24722295
1303572
1293502
1293008
1949812
1308950
1305524
1461981
4825006
1401124
1424630
26356495
1308306
1306396
1304771
1424551
1767113
1463390
1293840
1293905
2155142
1297608
1293366
1295082
1296668
1304470
2042573
6011805
2010975
1307463
2294565
2131649
4313109
1296252
1464618
3902408
1416905
1482698
1307729
1297607
25958726
25917239
4825006
1401124
1424630
26356495
1308306
1306396
1304771
1424551
1767113
1463390
1293840
1293905
2155142
1297608
1293366
1295082
1296668
1304470
2042573
6011805
2010975
1307463
2294565
2131649
4313109
1296252
1464618
3902408
1416905
1482698
1307729
1297607
25958726
25917239
1864542
3072145
2170545
1302573
3078517
1303031
2058735
1293759
2081376
1482709
2039711
3047756
1436891
1305366
24876979
2003316
1455771
1822209
1293567
1293542
1305613
2028647
7065161
1878176
1962112
1307569
1294202
3168672
1416905
1482698
1307729
1297607
25958726
25917239
1864542
3072145
2170545
1302573
3078517
1303031
2058735
1293759
2081376
1482709
2039711
3047756
1436891
1305366
24876979
2003316
1455771
1822209
1293567
1293542
1305613
2028647
7065161
1878176
1962112
1307569
1294202
3168672
1305143
6889400
1304780
1304666
3287615
3127523
1419899
1293033
1493588
1949811
24753810
4282653
1946880
2255992
1915096
10756517
1304672
1793923
1884678
1294440
1442853
6080775
1947089
1308837
10548265
1923474
11502889
1918648
7065161
1878176
1962112
1307569
1294202
3168672
1305143
6889400
1304780
1304666
3287615
3127523
1419899
1293033
1493588
1949811
24753810
4282653
1946880
2255992
1915096
10756517
1304672
1793923
1884678
1294440
1442853
6080775
1947089
1308837
10548265
1923474
11502889
1918648
1296520
1470328
3557490
1458237
2189763
5397782
1830194
23048771
1853695
3148702
1309035
10555084
1298199
25749871
3319744
1432288
3014211
4304356
3231633
26259636
1304876
1308229
3075921
6397225
1296035
4861405
1298014
1437842
1947089
1308837
10548265
1923474
11502889
1918648
1296520
1470328
3557490
1458237
2189763
5397782
1830194
23048771
1853695
3148702
1309035
10555084
1298199
25749871
3319744
1432288
3014211
4304356
3231633
26259636
1304876
1308229
3075921
6397225
1296035
4861405
1298014
1437842
1303782
1306346
1305227
1919098
3291930
5045804
1293091
26382797
6792369
1394968
1901328
1293119
1293116
7062227
24843623
1299864
1293333
1786332
1293398
1296062
1987407
25980210
1465829
1875311
3443393
1303217
2006172
3389576
1295917
6397225
1296035
4861405
1298014
1437842
1303782
1306346
1305227
1919098
3291930
5045804
1293091
26382797
6792369
1394968
1901328
1293119
1293116
7062227
24843623
1299864
1293333
1786332
1293398
1296062
1987407
25980210
1465829
1875311
3443393
1303217
2006172
3389576
1295917
2131676
19969374
1922139
3075981
1455979
3148089
1305595
1440619
3041264
25823833
5996799
2353665
6714930
4328442
3074541
7065137
1887110
1790502
3929392
3078390
6757721
19997896
6878229
2214084
1899058
20284815
10456894
2075358
1875311
3443393
1303217
2006172
3389576
1295917
2131676
19969374
1922139
3075981
1455979
3148089
1305595
1440619
3041264
25823833
5996799
2353665
6714930
4328442
3074541
7065137
1887110
1790502
3929392
3078390
6757721
19997896
6878229
2214084
1899058
20284815
10456894
2075358
1305153
25789352
10508901
6080772
1947091
20431750
21357362
25761527
5157188
3557495
25848752
2988163
26421030
24530628
25962732
4707585
2257557
5326560
19977815
2355418
10744969
6511706
26378587
19944520
21323597