19962827
3560787
2135590
1937462
1937461
25860925
6846495
3734350
1300395
1316626
1422073
3266978
2123439
1872077
1937464
3823425
2338160
25750820
1464067
1417042
1298270
2049559
2049553
2049556
2393064
4847886
1826853
1937451
1937466
1826855
2296049
3338821
6313765
3262918
3358309
1408100
25884822
2129044
11606335
1295833
1296573
1941593
1941594
1872083
2133919
4685825
1478378
4914616
4915107
1302930
25802322
2266113
1987463
1900321
1422233
2049560
1941603
1483646
1433799
3215555
2239631
2346823
1508019
1422960
1431947
3111355
1917638
1941319
1304310
26613444
1293834
1296214
3436659
3725324
1867742
1306626
2346826
21945191
4166443
1431962
1961961
1508956
25872976
3778503
2347150
1298541
2347143
1297484
1871049
1467638
2346317
1441796
4016527
1894836
2346326
1940452
2346314
1867780
3580624
2347165
2346812
2346320
1867778
4226741
1470600
4888039
1963070
3566709
1963067
1464368
1326038
1431719
1428580
24522640
1966126
1299863
1470732
5433231
11516701
10561911
6716372
25829829
1498605
4930406
1498594
25778413
1498607
1906051
1498592
1498595
1498599
1441802
1498591
1483646
1433799
3215555
2239631
2346823
1508019
1422960
1431947
3111355
1917638
1941319
1304310
26613444
1293834
1296214
3436659
3725324
1867742
1306626
2346826
21945191
4166443
1431962
1961961
1508956
25872976
3778503
2347150
1298541
2347143
1297484
1871049
1467638
2346317
1441796
4016527
1894836
2346326
1940452
2346314
1867780
3580624
2347165
2346812
2346320
1867778
4226741
1470600
4888039
1963070
3566709
1963067
1464368
1326038
1431719
1428580
24522640
1966126
1299863
1470732
5433231
11516701
10561911
6716372
25829829
1498605
4930406
1498594
25778413
1498607
1906051
1498592
1498595
1498599
1441802
1498591
1498597
1498603
1498602
1498606
2049547
1304682
1915570
6828945
1886877
1293038
1862284
3161867
1873374
1297193
1298877
2346311
25919367
1795570
5282521
1507384
2346818
2191102
5924403
1873089
2053556
3335371
1431699
1428578
1428577
1756584
4057312
1457707
1434184
4718352
25750824
4751270
1432701
3814081
5941455
5326589
23780577
2051554
1309237
1421778
2141760
2994843
4090556
1498593
1752069
1408101
1437390
1432639
26078872
1302794
1293210
1756578
5377137
1481753
25831891
1938276
1903374
1746584
1463355
6716372
25829829
1498605
4930406
1498594
25778413
1498607
1906051
1498592
1498595
1498599
1441802
1498591
1498597
1498603
1498602
1498606
2049547
1304682
1915570
6828945
1886877
1293038
1862284
3161867
1873374
1297193
1298877
2346311
25919367
1795570
5282521
1507384
2346818
2191102
5924403
1873089
2053556
3335371
1431699
1428578
1428577
1756584
4057312
1457707
1434184
4718352
25750824
4751270
1432701
3814081
5941455
5326589
23780577
2051554
1309237
1421778
2141760
2994843
4090556
1498593
1752069
1408101
1437390
1432639
26078872
1302794
1293210
1756578
5377137
1481753
25831891
1938276
1903374
1746584
1463355
1408099
1460853
1451773
3285426
5344178
6985986
2117844
1401135
5681026
3728249
1431688
1906298
3690419
4888050
1860890
4154555
3284257
1860656
1887000
1474974
2049545
1867744
24751154
4268610
1883692
1963965
20427004
1419482
2979552
21335000
25876115
2173210
1439773
2135544
1466602
2305130
3003099
2032987
1870264
1474984
2008239
1299243
1463872
24749076
6902929
1963066
10830069
4732903
4316668
3087483
5392105
1417235
20088223
4116987
2378756
19976906
6126757
1962623
25662049
1401761
1883707
1466115
26581251
1437390
1432639
26078872
1302794
1293210
1756578
5377137
1481753
25831891
1938276
1903374
1746584
1463355
1408099
1460853
1451773
3285426
5344178
6985986
2117844
1401135
5681026
3728249
1431688
1906298
3690419
4888050
1860890
4154555
3284257
1860656
1887000
1474974
2049545
1867744
24751154
4268610
1883692
1963965
20427004
1419482
2979552
21335000
25876115
2173210
1439773
2135544
1466602
2305130
3003099
2032987
1870264
1474984
2008239
1299243
1463872
24749076
6902929
1963066
10830069
4732903
4316668
3087483
5392105
1417235
20088223
4116987
2378756
19976906
6126757
1962623
25662049
1401761
1883707
1466115
26581251
1999609
11445466
24703977
1900488
3586642
26275793
1812758
1304809
10439553
1464520
5332571
5942161
1424556
1842898
1901613
1421867
1583295
4936669
3443051
1826231
4202135
1474738
1431718
4841238
3405642
5681006
20505641
4022091
10747804
1300298
6778368
10762817
10945551
3899162
5913837
4829835
4253447
21320289
6799159
6311988
5345407
1476976
1481456
1848200
1921917
25795966
11503013
3986713
1416906
1870811
1408103
2301738
1870462
25931626
3543708
5915769
1468650
2049544
4300564
1461018
6772519
1860292
4271814
5392105
1417235
20088223
4116987
2378756
19976906
6126757
1962623
25662049
1401761
1883707
1466115
26581251
1999609
11445466
24703977
1900488
3586642
26275793
1812758
1304809
10439553
1464520
5332571
5942161
1424556
1842898
1901613
1421867
1583295
4936669
3443051
1826231
4202135
1474738
1431718
4841238
3405642
5681006
20505641
4022091
10747804
1300298
6778368
10762817
10945551
3899162
5913837
4829835
4253447
21320289
6799159
6311988
5345407
1476976
1481456
1848200
1921917
25795966
11503013
3986713
1416906
1870811
1408103
2301738
1870462
25931626
3543708
5915769
1468650
2049544
4300564
1461018
6772519
1860292
4271814
26466429
1465759
3024612
1868400
2078404
11629297
26263538
4888374
1844805
1452142
1477530
2155651
4156867
1294459
1763691
3872249
6759556
1483507
4892642
4016948
25955872
1431951
1476973
25750823
1431945
3312633
6018984
5948612
2977766
24708811
1431948
5365461
5144480
1432640
1470765
25972855
25825863
1780932
2131887
1299875
3798935
26592232
1636456
4907954
6506716
1294518
1906779
2260789
2407568
4305081
7564972
24879300
1916114
1476989
1476241
1786357
3732426
1401909
1494946
1297356
1870576
2131149
2036865
1408103
2301738
1870462
25931626
3543708
5915769
1468650
2049544
4300564
1461018
6772519
1860292
4271814
26466429
1465759
3024612
1868400
2078404
11629297
26263538
4888374
1844805
1452142
1477530
2155651
4156867
1294459
1763691
3872249
6759556
1483507
4892642
4016948
25955872
1431951
1476973
25750823
1431945
3312633
6018984
5948612
2977766
24708811
1431948
5365461
5144480
1432640
1470765
25972855
25825863
1780932
2131887
1299875
3798935
26592232
1636456
4907954
6506716
1294518
1906779
2260789
2407568
4305081
7564972
24879300
1916114
1476989
1476241
1786357
3732426
1401909
1494946
1297356
1870576
2131149
2036865
6759232
2344555
26316563
3035294
3290356
1298488
1981804
20277962
3218691
6748248
1419481
1793236
3312747
2078410
1476987
1401892
1301202
1300342
6001045
10617158
10521648
4074158
20473389
1470614
3436615
1298962
2342530
1883634
1815485
1431944
4881274
1457768
20515892
1299588
3430694
25834500
2139764
1431956
24714535
1394348
6307284
1951386
1998222
2132916
20471819
1476983
1889906
2238655
1431952
25972488
1880917
2244529
1901218
1309238
20561603
1421281
2006364
1466263
1925946
1775224
4907953
3779078
1401585
7564972
24879300
1916114
1476989
1476241
1786357
3732426
1401909
1494946
1297356
1870576
2131149
2036865
6759232
2344555
26316563
3035294
3290356
1298488
1981804
20277962
3218691
6748248
1419481
1793236
3312747
2078410
1476987
1401892
1301202
1300342
6001045
10617158
10521648
4074158
20473389
1470614
3436615
1298962
2342530
1883634
1815485
1431944
4881274
1457768
20515892
1299588
3430694
25834500
2139764
1431956
24714535
1394348
6307284
1951386
1998222
2132916
20471819
1476983
1889906
2238655
1431952
25972488
1880917
2244529
1901218
1309238
20561603
1421281
2006364
1466263
1925946
1775224
4907953
3779078
1401585
1441800
6806574
1856928
20471281
1937470
1866030
1886852
3024295
2255248
3161902
2275078
1761123
11533347
1863756
25980693
25947297
3329948
6558338
1437391
6855102
2333618
4158027
1431685
1431946
3291178
11598669
4016551
1300505
2038174
1431949
1841523
25977198
3448242
1439488
1889643
3035341
4159499
3767376
3005588
4832887
1440174
1958808
2025154
5954051
1918382
6124014
2089388
3236458
6999855
4710562
3559900
1998218
23062125
1815503
4215668
2260781
6390822
1301469
1871531
3724004
1947787
1418267
1480808
1880917
2244529
1901218
1309238
20561603
1421281
2006364
1466263
1925946
1775224
4907953
3779078
1401585
1441800
6806574
1856928
20471281
1937470
1866030
1886852
3024295
2255248
3161902
2275078
1761123
11533347
1863756
25980693
25947297
3329948
6558338
1437391
6855102
2333618
4158027
1431685
1431946
3291178
11598669
4016551
1300505
2038174
1431949
1841523
25977198
3448242
1439488
1889643
3035341
4159499
3767376
3005588
4832887
1440174
1958808
2025154
5954051
1918382
6124014
2089388
3236458
6999855
4710562
3559900
1998218
23062125
1815503
4215668
2260781
6390822
1301469
1871531
3724004
1947787
1418267
1480808
7061246
1861104
1507408
2355689
3295190
2133769
4293680
1795525
25911770
2333617
2030752
5282435
6526718
1756732
2333764
2237997
26337908
1949681
1401595
1580632
1861110
10752395
5155222
1417432
1470591
4204586
1470603
23025359
1431713
1431714
4111340
1851187
10617175
5041077
2136149
5384601
3371652
1849337
3273435
1431712
21329294
11498731
1431950
2248934
24324799
3236361
1856492
1777013
1472908
1922000
6126758
1475404
1874935
1981392
1917211
1861106
22167502
1796154
1844079
6738775
23852220
24706479
2244586
3559900
1998218
23062125
1815503
4215668
2260781
6390822
1301469
1871531
3724004
1947787
1418267
1480808
7061246
1861104
1507408
2355689
3295190
2133769
4293680
1795525
25911770
2333617
2030752
5282435
6526718
1756732
2333764
2237997
26337908
1949681
1401595
1580632
1861110
10752395
5155222
1417432
1470591
4204586
1470603
23025359
1431713
1431714
4111340
1851187
10617175
5041077
2136149
5384601
3371652
1849337
3273435
1431712
21329294
11498731
1431950
2248934
24324799
3236361
1856492
1777013
1472908
1922000
6126758
1475404
1874935
1981392
1917211
1861106
22167502
1796154
1844079
6738775
23852220
24706479
2244586
1790490
5299166
25959325
1782799
1302005
4901506
1421284
2030745
1861832
1856043
2345106
1498612
25757903
10455636
5341842
4138137
6558347
11625198
1529187
1958681
3243752
1421303
2143401
1476242
6872262
4314640
1856040
4057263
3736158
1888086
1470743
20381199
4962094
11523148
2238008
4719085
3266615
25748643
25711817
2603353
24843505
1302911
4824955
1472335
4724727
4826590
2260148
1481289
1433080
5160750
1474914
4217398
6041194
1431960
25802407
5323683
4158024
4884118
1469165
1308627
1860257
25752451
3430331
6126758
1475404
1874935
1981392
1917211
1861106
22167502
1796154
1844079
6738775
23852220
24706479
2244586
1790490
5299166
25959325
1782799
1302005
4901506
1421284
2030745
1861832
1856043
2345106
1498612
25757903
10455636
5341842
4138137
6558347
11625198
1529187
1958681
3243752
1421303
2143401
1476242
6872262
4314640
1856040
4057263
3736158
1888086
1470743
20381199
4962094
11523148
2238008
4719085
3266615
25748643
25711817
2603353
24843505
1302911
4824955
1472335
4724727
4826590
2260148
1481289
1433080
5160750
1474914
4217398
6041194
1431960
25802407
5323683
4158024
4884118
1469165
1308627
1860257
25752451
3430331
2118235
4154944
4293962
3864351
1457626
4859795
1849336
1417236
1949608
6809560
11584413
5996847
26595432
4132754
1440082
1464066
3731342
2299110
1296678
1466922
1949606
26263467
1472906
4780768
1903408
5342065
1962297
2252726
3778412
3790659
6888733
11507683
10344755
25851731
1421280
5450868
1755634
2238004
1856060
1441804
5200734
1922687
1472927
5915755
2349187
5313079
1296472
4170429
1441806
2286087
3197008
11501400
1499268
26347901
25852243
5450873
5157403
2123620
5200930
1507406
1917887
1907101
6524015
1474914
4217398
6041194
1431960
25802407
5323683
4158024
4884118
1469165
1308627
1860257
25752451
3430331
2118235
4154944
4293962
3864351
1457626
4859795
1849336
1417236
1949608
6809560
11584413
5996847
26595432
4132754
1440082
1464066
3731342
2299110
1296678
1466922
1949606
26263467
1472906
4780768
1903408
5342065
1962297
2252726
3778412
3790659
6888733
11507683
10344755
25851731
1421280
5450868
1755634
2238004
1856060
1441804
5200734
1922687
1472927
5915755
2349187
5313079
1296472
4170429
1441806
2286087
3197008
11501400
1499268
26347901
25852243
5450873
5157403
2123620
5200930
1507406
1917887
1907101
6524015
1799053
1756676
5238438
1434233
1855939
26438924
1866062
2296662
6068493
2079244
1979144
1474745
5165523
1431716
4135702
5905756
5240769
1439205
5325354
3202170
1499669
2148295
2567944
24873798
3523261
10799503
1457905
10561955
1862215
3757349
5380913
4127163
2030736
3614936
4736002
1889645
1304507
1475401
24773954
1499266
2295867
2123626
1421286
1867745
3450649
1724348
1950238
4714342
5355157
2158665
3176479
2039838
7000245
2123617
1441864
4134131
4123744
1947804
6068497
5364943
5114730
10439282
1466013
3197008
11501400
1499268
26347901
25852243
5450873
5157403
2123620
5200930
1507406
1917887
1907101
6524015
1799053
1756676
5238438
1434233
1855939
26438924
1866062
2296662
6068493
2079244
1979144
1474745
5165523
1431716
4135702
5905756
5240769
1439205
5325354
3202170
1499669
2148295
2567944
24873798
3523261
10799503
1457905
10561955
1862215
3757349
5380913
4127163
2030736
3614936
4736002
1889645
1304507
1475401
24773954
1499266
2295867
2123626
1421286
1867745
3450649
1724348
1950238
4714342
5355157
2158665
3176479
2039838
7000245
2123617
1441864
4134131
4123744
1947804
6068497
5364943
5114730
10439282
1466013
1441798
1931316
25960725
5941688
1901363
2133301
10864765
1389976
26183919
2030743
1474970
1305573
1436690
4930634
1507751
2173218
4899575
1901677
4899810
1441820
25870064
1394594
1765930
10440059
1910678
3215640
6982609
1938587
1304978
2378635
4067180
1889424
2057289
2000689
2123619
3403107
3815848
25767503
1457900
3151410
3060478
25249145
4328449
3696913
6527298
2989161
1510403
2123622
25788026
10744800
2245941
11599090
6886896
1758351
4898491
1947793
1903652
1297751
1870587
5318649
1883642
2979568
3285131
3176479
2039838
7000245
2123617
1441864
4134131
4123744
1947804
6068497
5364943
5114730
10439282
1466013
1441798
1931316
25960725
5941688
1901363
2133301
10864765
1389976
26183919
2030743
1474970
1305573
1436690
4930634
1507751
2173218
4899575
1901677
4899810
1441820
25870064
1394594
1765930
10440059
1910678
3215640
6982609
1938587
1304978
2378635
4067180
1889424
2057289
2000689
2123619
3403107
3815848
25767503
1457900
3151410
3060478
25249145
4328449
3696913
6527298
2989161
1510403
2123622
25788026
10744800
2245941
11599090
6886896
1758351
4898491
1947793
1903652
1297751
1870587
5318649
1883642
2979568
3285131
1827998
1421845
1470739
3636748
1366159
11589771
4904673
24153248
24220963
1300058
24751843
5313100
1849325
10833922
5996850
1439633
3992363
1925948
3540102
4930635
1962628
4017718
1507716
4139909
1410831
4816265
6284547
6118632
3642840
1968646
1749019
1915572
2031332
20451329
10797046
1448734
1410828
5153763
25809382
2997413
1466592
1470602
5313367
7175256
4116975
21798756
2270496
1417237
10574471
11604028
1457624
1294120
3818971
4082307
25815426
25813850
5214429
6809548
10528383
10455347
1307909
24872843
1304958
2245941
11599090
6886896
1758351
4898491
1947793
1903652
1297751
1870587
5318649
1883642
2979568
3285131
1827998
1421845
1470739
3636748
1366159
11589771
4904673
24153248
24220963
1300058
24751843
5313100
1849325
10833922
5996850
1439633
3992363
1925948
3540102
4930635
1962628
4017718
1507716
4139909
1410831
4816265
6284547
6118632
3642840
1968646
1749019
1915572
2031332
20451329
10797046
1448734
1410828
5153763
25809382
2997413
1466592
1470602
5313367
7175256
4116975
21798756
2270496
1417237
10574471
11604028
1457624
1294120
3818971
4082307
25815426
25813850
5214429
6809548
10528383
10455347
1307909
24872843
1304958
10455635
3272906
6970694
1457904
10483753
1963068
10726990
26322983
5166933
1861162
10786133
5320216
1949138
1421283
19964013
6396697
1790586
10438927
10427093
5380903
4903575
1873370
26661104
4913491
3813752
1861135
1997475
4049600
1468960
3286521
11610670
25775704
1773103
6885889
1431955
2336898
5265166
6390761
1421774
3823881
1470734
2062965
5954494
3768149
11533396
2375627
26602340
1874913
2210194
1860770
3402469
1761140
2134693
10590733
4233875
5380911
6973046
1294813
1858250
3161859
1293560
1295090
1875404
1457624
1294120
3818971
4082307
25815426
25813850
5214429
6809548
10528383
10455347
1307909
24872843
1304958
10455635
3272906
6970694
1457904
10483753
1963068
10726990
26322983
5166933
1861162
10786133
5320216
1949138
1421283
19964013
6396697
1790586
10438927
10427093
5380903
4903575
1873370
26661104
4913491
3813752
1861135
1997475
4049600
1468960
3286521
11610670
25775704
1773103
6885889
1431955
2336898
5265166
6390761
1421774
3823881
1470734
2062965
5954494
3768149
11533396
2375627
26602340
1874913
2210194
1860770
3402469
1761140
2134693
10590733
4233875
5380911
6973046
1294813
1858250
3161859
1293560
1295090
1875404
25943246
5151337
2568138
4739711
4858035
20561967
10332552
24838611
1959296
5905749
2045738
3451971
1892534
1756651
24530675
10540059
1921872
21627641
1470741
1470592
4058796
24875629
1457715
19975472
20394480
2978372
25911811
6736927
25807251
1873454
3114575
6893679
1919592
1417234
5351754
20445164
4901675
1308187
4185820
1870574
2988772
24751835
26218417
1300900
3047988
1297826
1874938
1295185
3266670
25985574
10777469
1773102
4305061
4728540
5354501
4300910
3764496
26369121
3263702
25733144
2046047
2035008
3192083
3402469
1761140
2134693
10590733
4233875
5380911
6973046
1294813
1858250
3161859
1293560
1295090
1875404
25943246
5151337
2568138
4739711
4858035
20561967
10332552
24838611
1959296
5905749
2045738
3451971
1892534
1756651
24530675
10540059
1921872
21627641
1470741
1470592
4058796
24875629
1457715
19975472
20394480
2978372
25911811
6736927
25807251
1873454
3114575
6893679
1919592
1417234
5351754
20445164
4901675
1308187
4185820
1870574
2988772
24751835
26218417
1300900
3047988
1297826
1874938
1295185
3266670
25985574
10777469
1773102
4305061
4728540
5354501
4300910
3764496
26369121
3263702
25733144
2046047
2035008
3192083
6894068
10740274
3828487
4320231
3167891
1421282
2043497
4890995
1421775
6558348
10550943
4881576
21363279
1908256
5265078
11060991
1296539
10757686
10756794
1962225
1302375
3823869
11516687
2131890
1298690
5919328
10604989
1938112
24756984
1302802
10543699
10599841
1860073
1877582
7162146
1945765
6721630
1901386
6808713
5990339
4300580
25864147
1900458
5153310
4246132
5361536
3441947
4135281
1876863
1421285
1999451
1920460
19967908
3448190
1910215
4888476
2150206
3778256
1402056
3525473
1421899
23025468
23406462
10777469
1773102
4305061
4728540
5354501
4300910
3764496
26369121
3263702
25733144
2046047
2035008
3192083
6894068
10740274
3828487
4320231
3167891
1421282
2043497
4890995
1421775
6558348
10550943
4881576
21363279
1908256
5265078
11060991
1296539
10757686
10756794
1962225
1302375
3823869
11516687
2131890
1298690
5919328
10604989
1938112
24756984
1302802
10543699
10599841
1860073
1877582
7162146
1945765
6721630
1901386
6808713
5990339
4300580
25864147
1900458
5153310
4246132
5361536
3441947
4135281
1876863
1421285
1999451
1920460
19967908
3448190
1910215
4888476
2150206
3778256
1402056
3525473
1421899
23025468
23406462
2264404
10744777
20023307
6383535
5956229
3804409
2133780
4202291
10795224
1437480
2080638
1457769
1461798
3215007
3714146
4157980
5380895
3782316
2078283
19967905
2143897
4230910
11587538
1294624
25928024
11601824
10740275
10473631
5384603
5347230
19965709
2349370
4230131
24845232
3907232
20376571
10487599
3402488
6902341
2134610
3558874
10514811
2211901
1299019
4122096
6886983
11507151
6888713
3721852
2244541
1997477
1783122
24256440
11606331
11587557
10450451
11589762
5349365
1304156
3728500
1902870
25723901
1296287
1999451
1920460
19967908
3448190
1910215
4888476
2150206
3778256
1402056
3525473
1421899
23025468
23406462
2264404
10744777
20023307
6383535
5956229
3804409
2133780
4202291
10795224
1437480
2080638
1457769
1461798
3215007
3714146
4157980
5380895
3782316
2078283
19967905
2143897
4230910
11587538
1294624
25928024
11601824
10740275
10473631
5384603
5347230
19965709
2349370
4230131
24845232
3907232
20376571
10487599
3402488
6902341
2134610
3558874
10514811
2211901
1299019
4122096
6886983
11507151
6888713
3721852
2244541
1997477
1783122
24256440
11606331
11587557
10450451
11589762
5349365
1304156
3728500
1902870
25723901
1296287
20495913
1421770
26655894
4195595
1947792
4156865
23060001
5294313
3212098
10557256
1308706
5996814
1298237
1749015
26617089
4265843
25736560
5184553
6999738
5364935
1794721
25795968
1747260
25777586
1889640
6062698
4156530
3263763
11523284
4821215
3263767
26007780
20498291
10583899
20375279
21795323
5985857
6963624
3733852
11527586
1830041
5985912
6963083
24380778
3775261
2078284
26655897
6506066
25844469
6110439
1756604
3369359
4236869
20258964
1862710
5374357
10583900
11584143
6827665
11519201
4160459
3844497
11498724
1997477
1783122
24256440
11606331
11587557
10450451
11589762
5349365
1304156
3728500
1902870
25723901
1296287
20495913
1421770
26655894
4195595
1947792
4156865
23060001
5294313
3212098
10557256
1308706
5996814
1298237
1749015
26617089
4265843
25736560
5184553
6999738
5364935
1794721
25795968
1747260
25777586
1889640
6062698
4156530
3263763
11523284
4821215
3263767
26007780
20498291
10583899
20375279
21795323
5985857
6963624
3733852
11527586
1830041
5985912
6963083
24380778
3775261
2078284
26655897
6506066
25844469
6110439
1756604
3369359
4236869
20258964
1862710
5374357
10583900
11584143
6827665
11519201
4160459
3844497
11498724
10437865
20452309
6428117
4287151
6809535
10583898
4253452
24743049
10578374
24722859
3552301
1475589
11606380
6973584
3834922
6969494
6902340
11523454
5318672
20326515
1913903
5326541
5423370
5299188
6861615
1296426
25757137
1433588
1302172
5336877
1304295
20431562
1461253
20378840
25779805
1439161
25662552
1439190
22278336
11527610
3828068
5184655
6515649
24883793
11584101
25831826
5956540
6392615
25796017
6861614
24840523
11538112
10462211
25722544
25753204
24699321