1292063
2131459
1303408
1393472
5098427
1293908
3075070
1393471
3793023
1292213
6786002
1294371
1292206
1293270
1303418
4181031
1303525
3075092
1293350
1393470
1299628
1957937
1299360
4817020
2129039
3319755
1293839
1299398
1296909
1293460
1295646
1477916
1298817
1292778
1293846
1308173
1793394
1294132
1302463
1907966
4917726
1858711
1294490
26393561
1889053
1305605
1299227
1416895
1298241
1295529
1300352
1292897
1303388
1326538
1296659
1864784
3742360
1292215
2353023
1316510
11525673
6534248
3007773
1293359
10533913
10777687
1295409
1303037
24750126
1291565
1417728
1322848
1310177
1292269
1303001
3796613
1292574
1302205
1394218
1298468
1294366
1292994
1308686
1301926
1298672
3419943
1947265
1299166
1294047
1797247
25745564
11026735
1292274
1291579
3157605
1292056
1297478
1394488
1293374
1421278
1295684
3750104
1309156
3285642
1299900
1293863
1293236
1328665
1301859
1294138
1303723
1303543
1298063
1304596
1460030
1298250
1297188
1308607
1757925
1296936
1304971
3287562
1292401
24405378
6019180
1302476
6874403
1867345
1301171
1304056
24741412
1300613
1296987
1295428
3335463
1305158
1297311
1297418
1308314
1308191
2263102
1307708
1306303
1291976
1303066
1294699
1294038
1304626
1293981
1295507
1401261
1299802
1292397
1293861
1950233
1720137
1295995
1308450
1298566
1303285
1301744
1305539
1297200
1770655
2032829
2131787
1470093
6753077
1291578
3731581
1759386
6097775
10772258
1851906
1300555
6880497
1307697
1292049
24397586
19945757
1301359
1293718
1449845
1917160
3431802
1292737
1301498
10355329
1293320
1316560
1293299
1298385
1303026
1441189
1400829
1302181
1292812
2382969
1294565
3060582
1300779
1299701
1294605
1897967
1307417
1294297
1937380
1303556
1293529
1292671
1469239
4739952
26277313
1306249
4202982
1302425
4876722
2357162
10741643
2133323
24879820
1297102
1300616
1806555
1303907
2132220
1292268
25884416
1892578
1307690
1307372
25855951
1361254
1293204
25740192
11527487
3742987
1766827
10876425
2367134
1296284
1858876
1303364
1308457
1301798
1305388
5279979
1292649
1303545
1302063
1421673
1293945
1303071
1294009
1308787
1292658
3423849
1307584
2150085
1302815
1308503
1293608
1308097
1298497
1303186
1304785
1294746
1394495
1424219
2243557
1300143
1296482
1478398
4920528
1308817
1862151
1793491
1777612
1303173
3178770
1291842
1307542
1297995
25761178
1303376
1299092
4913185
1433556
3399559
1292279
1303485
1296666
1299952
1419901
2988103
1293683
3033085
2157507
1306870
3039187
1294300
1433156
1448758
1440742
1308010
1295728
1300426
1295452
2361269
1293864
1293175
1395546
1292533
1309079
1459148
25969201
1308236
1292345
1293256
2363843
1340528
1434269
5322572
11599147
4091548
2003404
1316525
1794073
1303081
1304749
1295877
1419958
1293412
3069363
1306397
1305790
1296500
1482691
1294209
1293168
1294477
1919626
1295068
1302321
1440382
1304953
1292894
1302167
1299122
1306848
1298710
4915857
1291586
1297518
4914468
1308741
1308820
1325958
1863766
2044089
1720137
1295995
1308450
1298566
1303285
1301744
1305539
1297200
1770655
2032829
2131787
1470093
6753077
1291578
3731581
1759386
6097775
10772258
1851906
1300555
6880497
1307697
1292049
24397586
19945757
1301359
1293718
1449845
1917160
3431802
1292737
1301498
10355329
1293320
1316560
1293299
1298385
1303026
1441189
1400829
1302181
1292812
2382969
1294565
3060582
1300779
1299701
1294605
1897967
1307417
1294297
1937380
1303556
1293529
1292671
1469239
4739952
26277313
1306249
4202982
1302425
4876722
2357162
10741643
2133323
24879820
1297102
1300616
1806555
1303907
2132220
1292268
25884416
1892578
1307690
1307372
25855951
1361254
1293204
25740192
11527487
3742987
1766827
10876425
2367134
1296284
1858876
1303364
1308457
1301798
1305388
5279979
1292649
1303545
1302063
1421673
1293945
1303071
1294009
1308787
1292658
3423849
1307584
2150085
1302815
1308503
1293608
1308097
1298497
1303186
1304785
1294746
1394495
1424219
2243557
1300143
1296482
1478398
4920528
1308817
1862151
1793491
1777612
1303173
3178770
1291842
1307542
1297995
25761178
1303376
1299092
4913185
1433556
3399559
1292279
1303485
1296666
1299952
1419901
2988103
1293683
3033085
2157507
1306870
3039187
1294300
1433156
1448758
1440742
1308010
1295728
1300426
1295452
2361269
1293864
1293175
1395546
1292533
1309079
1459148
25969201
1308236
1292345
1293256
2363843
1340528
1434269
5322572
11599147
4091548
2003404
1316525
1794073
1303081
1304749
1295877
1419958
1293412
3069363
1306397
1305790
1296500
1482691
1294209
1293168
1294477
1919626
1295068
1302321
1440382
1304953
1292894
1302167
1299122
1306848
1298710
4915857
1291586
1297518
4914468
1308741
1308820
1325958
1863766
2044089
1293377
1292267
2003389
1303630
11589036
1301886
1306666
1937257
1307052
2361826
1689787
1292396
4946963
10773239
2355582
3071517
1305217
1296246
1298320
3243344
2361266
25958704
1434272
1469111
1293191
1292881
1305294
2065047
1306450
26304167
1303340
3749947
1293341
1292760
1298331
1292764
2079017
6094941
1296534
3448362
1293632
1293985
3530752
1293489
1308632
1296015
25817712
1297547
1874704
1293094
1292772
3097439
1300202
10829828
1303531
1474788
1303585
1401603
1292663
1418691
1304204
1304681
2150083
1293220
1303534
1304527
1299851
1303041
1295320
1293557
1304258
4305436
3072086
3233635
1292286
7065154
3789848
1293088
1298128
1437342
1307739
1291575
1303815
1292553
1440703
1301509
1300064
2976111
1298112
6845667
1323749
1340517
24325923
5320600
25867546
1788940
1498811
3194312
1302661
1871817
1306031
1293917
1293098
1292050
1294917
1295460
1291866
1472510
1807495
1307263
1296835
1789292
3120171
1295187
1304034
1303987
1293325
2042178
3121610
1308476
1302512
1422927
1805685
1301996
1462631
1308424
4071781
1299231
1298191
1422949
1293871
1292340
1296747
1293170
1294287
1292536
1304508
1293776
1297441
1766041
1298884
1300067
1307548
1296338
1298494
2059819
1304985
1783457
26366465
1309172
1309101
1298038
2132495
1301445
4824512
3550132
1291581
1292271
1304970
1293825
1945549
1291574
4935011
1296436
2361823
4022090
1388175
2297275
1457218
1295374
1308858
1316525
1794073
1303081
1304749
1295877
1419958
1293412
3069363
1306397
1305790
1296500
1482691
1294209
1293168
1294477
1919626
1295068
1302321
1440382
1304953
1292894
1302167
1299122
1306848
1298710
4915857
1291586
1297518
4914468
1308741
1308820
1325958
1863766
2044089
1293377
1292267
2003389
1303630
11589036
1301886
1306666
1937257
1307052
2361826
1689787
1292396
4946963
10773239
2355582
3071517
1305217
1296246
1298320
3243344
2361266
25958704
1434272
1469111
1293191
1292881
1305294
2065047
1306450
26304167
1303340
3749947
1293341
1292760
1298331
1292764
2079017
6094941
1296534
3448362
1293632
1293985
3530752
1293489
1308632
1296015
25817712
1297547
1874704
1293094
1292772
3097439
1300202
10829828
1303531
1474788
1303585
1401603
1292663
1418691
1304204
1304681
2150083
1293220
1303534
1304527
1299851
1303041
1295320
1293557
1304258
4305436
3072086
3233635
1292286
7065154
3789848
1293088
1298128
1437342
1307739
1291575
1303815
1292553
1440703
1301509
1300064
2976111
1298112
6845667
1323749
1340517
24325923
5320600
25867546
1788940
1498811
3194312
1302661
1871817
1306031
1293917
1293098
1292050
1294917
1295460
1291866
1472510
1807495
1307263
1296835
1789292
3120171
1295187
1304034
1303987
1293325
2042178
3121610
1308476
1302512
1422927
1805685
1301996
1462631
1308424
4071781
1299231
1298191
1422949
1293871
1292340
1296747
1293170
1294287
1292536
1304508
1293776
1297441
1766041
1298884
1300067
1307548
1296338
1298494
2059819
1304985
1783457
26366465
1309172
1309101
1298038
2132495
1301445
4824512
3550132
1291581
1292271
1304970
1293825
1945549
1291574
4935011
1296436
2361823
4022090
1388175
2297275
1457218
1295374
1308858
3927734
6872244
1291833
1294948
1292264
1300752
1298204
4290704
1783462
1307547
26147706
1304374
1397550
1295437
1300185
1293212
1303482
1297032
1301566
1750027
1482316
5151357
1304868
4724586
1306472
1308976
3212318
1300953
1301887
1292766
1292467
3161007
4934988
6745433
1306762
1292738
1297737
1298093
1462243
1298139
3069345
3443388
1308813
20255014
1296993
1293097
1308208
1300952
1900165
1293849
1297344
1293648
1301148
26412106
2150082
1304563
1298197
1302178
1432822
3387718
1300636
1298892
1300337
1298581
5990236
4313160
1871997
1296148
1296397
1401206
1293549
1395547
1475805
1401268
1958499
2124703
1297570
3094909
20438962
1291577
1297223
3269068
1307014
6057942
2303163
2998253
1293555
1829654
3578925
1408312
3036464
1469441
1459368
1300883
1294262
1922152
2046839
1308620
1891211
2070367
6768838
1302271
3819871
4132407
1299292
1302054
3269018
3785918
2004613
1307755
4109909
3007825
26270517
1401604
25794230
1291848
1307514
1759371
1293868
25140779
5380919
1306860
1416435
1309112
21339392
1306588
2002744
1297000
1298528
25919385
25840484
1299800
1951163
1299913
5155793
24695390
1394176
1293656
3681289
1423031
1306513
1307836
1293671
10521937
1432616
1299432
5937920
3329731
1945761
20397453
20507274
1304857
1962316
1422883
1938174
23566157
1293241
6724667
1295923
1872105
1300106
3243322
1293748
1462178
1294244
25818840
1293811
1293163
1293178
1471437
1301464
1293776
1297441
1766041
1298884
1300067
1307548
1296338
1298494
2059819
1304985
1783457
26366465
1309172
1309101
1298038
2132495
1301445
4824512
3550132
1291581
1292271
1304970
1293825
1945549
1291574
4935011
1296436
2361823
4022090
1388175
2297275
1457218
1295374
1308858
3927734
6872244
1291833
1294948
1292264
1300752
1298204
4290704
1783462
1307547
26147706
1304374
1397550
1295437
1300185
1293212
1303482
1297032
1301566
1750027
1482316
5151357
1304868
4724586
1306472
1308976
3212318
1300953
1301887
1292766
1292467
3161007
4934988
6745433
1306762
1292738
1297737
1298093
1462243
1298139
3069345
3443388
1308813
20255014
1296993
1293097
1308208
1300952
1900165
1293849
1297344
1293648
1301148
26412106
2150082
1304563
1298197
1302178
1432822
3387718
1300636
1298892
1300337
1298581
5990236
4313160
1871997
1296148
1296397
1401206
1293549
1395547
1475805
1401268
1958499
2124703
1297570
3094909
20438962
1291577
1297223
3269068
1307014
6057942
2303163
2998253
1293555
1829654
3578925
1408312
3036464
1469441
1459368
1300883
1294262
1922152
2046839
1308620
1891211
2070367
6768838
1302271
3819871
4132407
1299292
1302054
3269018
3785918
2004613
1307755
4109909
3007825
26270517
1401604
25794230
1291848
1307514
1759371
1293868
25140779
5380919
1306860
1416435
1309112
21339392
1306588
2002744
1297000
1298528
25919385
25840484
1299800
1951163
1299913
5155793
24695390
1394176
1293656
3681289
1423031
1306513
1307836
1293671
10521937
1432616
1299432
5937920
3329731
1945761
20397453
20507274
1304857
1962316
1422883
1938174
23566157
1293241
6724667
1295923
1872105
1300106
3243322
1293748
1462178
1294244
25818840
1293811
1293163
1293178
1471437
1301464
1434239
10727678
1308696
1301604
1307746
1307078
1305869
1432013
1293509
2161696
1293351
3233761
3732780
1309201
1304022
1498831
1765009
1308755
4009651
2082013
1428878
11443314
4903613
1293353
1296629
1291573
1299765
10594965
3003137
25926267
3036478
3263820
1309192
3392569
1296359
1300044
1292440
1968438
4885995
1479377
3562827
1300377
4180445
1443650
1292541
3578920
1295490
1295933
1295899
4300640
6845529
1482101
2004482
1358421
1920799
1295006
3389591
1302176
23769147
1322847
1305066
1295227
3162953
1305058
1437377
1293372
1293639
1298930
6091398
3264234
3195060
1462839
1305309
1302441
10749985
1298997
2003388
3017929
2081739
1304830
1293779
1298124
3096779
1304309
1440901
3637237
1462467
3349190
1294694
1304710
11523496
1941581
1308259
1292988
1297833
1917777
1470155
1806013
1479807
1298273
1297481
1304629
2125096
1295306
1306341
1293031
1303416
1297673
1307648
1758389
4732901
3004246
1306337
1932889
1298013
25964071
1291543
3158990
26289144
1329936
4845728
2997076
26311973
1308776
2998373
5360033
1474185
2028585
1309203
1306951
1994876
25752261
2147854
1291582
3346464
1297763
3745292
1308655
2999913
1297909
6753166
1305541
1815638
1400868
3041753
1309054
24698878
3077680
5262027
1308927
1394825
1308252
2230905
3012032
3743049
1309050
25774126
1294315
1296897
20283482
3005387
1293976
1297317
1298873
1292276
1293941
1863770
1305249
3718457
1431648
1949369
6006335
1293656
3681289
1423031
1306513
1307836
1293671
10521937
1432616
1299432
5937920
3329731
1945761
20397453
20507274
1304857
1962316
1422883
1938174
23566157
1293241
6724667
1295923
1872105
1300106
3243322
1293748
1462178
1294244
25818840
1293811
1293163
1293178
1471437
1301464
1434239
10727678
1308696
1301604
1307746
1307078
1305869
1432013
1293509
2161696
1293351
3233761
3732780
1309201
1304022
1498831
1765009
1308755
4009651
2082013
1428878
11443314
4903613
1293353
1296629
1291573
1299765
10594965
3003137
25926267
3036478
3263820
1309192
3392569
1296359
1300044
1292440
1968438
4885995
1479377
3562827
1300377
4180445
1443650
1292541
3578920
1295490
1295933
1295899
4300640
6845529
1482101
2004482
1358421
1920799
1295006
3389591
1302176
23769147
1322847
1305066
1295227
3162953
1305058
1437377
1293372
1293639
1298930
6091398
3264234
3195060
1462839
1305309
1302441
10749985
1298997
2003388
3017929
2081739
1304830
1293779
1298124
3096779
1304309
1440901
3637237
1462467
3349190
1294694
1304710
11523496
1941581
1308259
1292988
1297833
1917777
1470155
1806013
1479807
1298273
1297481
1304629
2125096
1295306
1306341
1293031
1303416
1297673
1307648
1758389
4732901
3004246
1306337
1932889
1298013
25964071
1291543
3158990
26289144
1329936
4845728
2997076
26311973
1308776
2998373
5360033
1474185
2028585
1309203
1306951
1994876
25752261
2147854
1291582
3346464
1297763
3745292
1308655
2999913
1297909
6753166
1305541
1815638
1400868
3041753
1309054
24698878
3077680
5262027
1308927
1394825
1308252
2230905
3012032
3743049
1309050
25774126
1294315
1296897
20283482
3005387
1293976
1297317
1298873
1292276
1293941
1863770
1305249
3718457
1431648
1949369
6006335
1302165
1308828
1305440
3006327
21965464
1300904
10745399
1296925
1945800
4132395
1309170
1987561
1293651
1466273
1301686
10440069
1305096
1300080
1432699
5183361
1304752
1293095
6437136
6791706
1292840
1302926
1300019
10864754
25820655
1401236
3077700
1309154
1300122
1963721
1299556
3862263
24815502
2118252
5154951
1904505
3154754
1294341
2265111
4147107
11534089
1905781
1296685
25885212
1300529
1297931
2310158
1297657
10546734
1299523
1293782
1308997
1307772
1299412
1306511
1293281
1441966
1433038
1448832
1304889
1293667
1304866
1306801
3268489
1304863
1308160
1940082
1440845
10574622
10574468
1309199
3642835
1305065
1304585
1295280
1295242
1309020
1292973
1937401
3104794
1307389
2346881
4312232
6128003
2054024
2072478
1295318
2083944
1295340
21327493
1295485
1855834
1870044
1416728
1305179
5977478
3569969
1292506
4904026
1308979
1296463
1309011
3078384
1473297
20514947
1302193
1307449
2272222
1461351
2372389
1299135
1306011
1308582
1474045
3007819
2134285
1293658
1297260
6875402
1796255
1292629
1293276
2363925
1296132
26252157
1295348
1308806
1297540
3268493
23043659
1292869
1298999
6506809
10441161
6030611
6396294
2137060
3104216
4844730
1369831
3804656
1307698
4705044
1299158
2972705
1306536
20490940
6859676
7059561
1308533
1421468
6127995
4020991
4927336
2074009
1969401
1300548
2274074
3101734
1296829
1293853
1421927
2042981
3053260
2020530
1301553
1296700
1308655
2999913
1297909
6753166
1305541
1815638
1400868
3041753
1309054
24698878
3077680
5262027
1308927
1394825
1308252
2230905
3012032
3743049
1309050
25774126
1294315
1296897
20283482
3005387
1293976
1297317
1298873
1292276
1293941
1863770
1305249
3718457
1431648
1949369
6006335
1302165
1308828
1305440
3006327
21965464
1300904
10745399
1296925
1945800
4132395
1309170
1987561
1293651
1466273
1301686
10440069
1305096
1300080
1432699
5183361
1304752
1293095
6437136
6791706
1292840
1302926
1300019
10864754
25820655
1401236
3077700
1309154
1300122
1963721
1299556
3862263
24815502
2118252
5154951
1904505
3154754
1294341
2265111
4147107
11534089
1905781
1296685
25885212
1300529
1297931
2310158
1297657
10546734
1299523
1293782
1308997
1307772
1299412
1306511
1293281
1441966
1433038
1448832
1304889
1293667
1304866
1306801
3268489
1304863
1308160
1940082
1440845
10574622
10574468
1309199
3642835
1305065
1304585
1295280
1295242
1309020
1292973
1937401
3104794
1307389
2346881
4312232
6128003
2054024
2072478
1295318
2083944
1295340
21327493
1295485
1855834
1870044
1416728
1305179
5977478
3569969
1292506
4904026
1308979
1296463
1309011
3078384
1473297
20514947
1302193
1307449
2272222
1461351
2372389
1299135
1306011
1308582
1474045
3007819
2134285
1293658
1297260
6875402
1796255
1292629
1293276
2363925
1296132
26252157
1295348
1308806
1297540
3268493
23043659
1292869
1298999
6506809
10441161
6030611
6396294
2137060
3104216
4844730
1369831
3804656
1307698
4705044
1299158
2972705
1306536
20490940
6859676
7059561
1308533
1421468
6127995
4020991
4927336
2074009
1969401
1300548
2274074
3101734
1296829
1293853
1421927
2042981
3053260
2020530
1301553
1296700
1302654
5366672
1293935
1482853
1812876
1293510
1302724
1301775
1305036
1300211
1302036
1439919
26011893
1297373
3154388
1306957
1302252
1294726
1304639
1307540
1437544
2263153
5157037
1440151
1304671
1309098
1302861
3715747
2212866
1293821
1309129
1316647
2143913
1300083
25750177
1908466
1788445
1902700
1483428
3793109
26036657
1765914
1939328
4237879
6386345
1297018
1978369
1302090
3143676
3102668
3036473
1294963
3804470
1294950
11810348
1295965
1300220
1760104
1760027
1304485
1294561
3101548
1296253
1307955
1890157
1419933
10745405
2336783
1305197
2139553
1428877
1947080
1302753
11499033
6905169
1307319
1293158
1296102
1295629
1300678
5977789
6957293
1394163
3671986
1437339
3070319
1307917
1307678
1304811
10463991
1302355
3440075
1296770
4832564
3792868
1294379
1302927
1295675
1292906
20415220
1294488
3160978
1796232
1295283
1292785
24879816
5959696
2269525
1292864
10864706
1305308
1300946
1299441
1299786
10738134
1301974
1299990
1456774
1877016
1301221
1867389
1303976
1302443
26275494
2225217
5985887
2136477
19962556
1307684
1303862
4922405
1390011
1304862
2146439
6959179
1306212
1305509
1921382
1304957
1292598
3150795
1304543
21360431
10558411
25905892
1301468
1300644
1308248
25823076
1305363
2382766
1294962
1866213
1298003
1448277
1304614
1299767
3789917
1305119
1296091
1304606
1307130
10540077
1292601
3025844
1304269
1872161
1304764
1292871
1297415
25917236
10441161
6030611
6396294
2137060
3104216
4844730
1369831
3804656
1307698
4705044
1299158
2972705
1306536
20490940
6859676
7059561
1308533
1421468
6127995
4020991
4927336
2074009
1969401
1300548
2274074
3101734
1296829
1293853
1421927
2042981
3053260
2020530
1301553
1296700
1302654
5366672
1293935
1482853
1812876
1293510
1302724
1301775
1305036
1300211
1302036
1439919
26011893
1297373
3154388
1306957
1302252
1294726
1304639
1307540
1437544
2263153
5157037
1440151
1304671
1309098
1302861
3715747
2212866
1293821
1309129
1316647
2143913
1300083
25750177
1908466
1788445
1902700
1483428
3793109
26036657
1765914
1939328
4237879
6386345
1297018
1978369
1302090
3143676
3102668
3036473
1294963
3804470
1294950
11810348
1295965
1300220
1760104
1760027
1304485
1294561
3101548
1296253
1307955
1890157
1419933
10745405
2336783
1305197
2139553
1428877
1947080
1302753
11499033
6905169
1307319
1293158
1296102
1295629
1300678
5977789
6957293
1394163
3671986
1437339
3070319
1307917
1307678
1304811
10463991
1302355
3440075
1296770
4832564
3792868
1294379
1302927
1295675
1292906
20415220
1294488
3160978
1796232
1295283
1292785
24879816
5959696
2269525
1292864
10864706
1305308
1300946
1299441
1299786
10738134
1301974
1299990
1456774
1877016
1301221
1867389
1303976
1302443
26275494
2225217
5985887
2136477
19962556
1307684
1303862
4922405
1390011
1304862
2146439
6959179
1306212
1305509
1921382
1304957
1292598
3150795
1304543
21360431
10558411
25905892
1301468
1300644
1308248
25823076
1305363
2382766
1294962
1866213
1298003
1448277
1304614
1299767
3789917
1305119
1296091
1304606
1307130
10540077
1292601
3025844
1304269
1872161
1304764
1292871
1297415
25917236
1304247
1958190
1304812
1853749
3605470
26359269
1298022
1294721
25870084
2213591
1297863
11624706
1308747
1304854
2159331
2277018
25746375
1793912
1293135
1305355
1298644
1295253
6021916
1308819
1300566
2215609
4196227
1853621
4215790
3602084
1466897
1433673
1298040
10827341
3026572
1309047
1299120
1308156
5153254
3563200
1296203
1883701
1292867
1946867
2978639
4851900
3176525
2997063
1297128
25947154
1305564
24325798
1308822
3014557
6719716
1416722
1304132
2970163
1793671
1428069
6082522
3239814
20515031
20431537
2036270
25800837
6989743
1307582
1815687
1297012
1304522
3022862
2364834
1300874
4707225
26050295
26263504
1303974
3987536
2124454
2065186
1292612
1401587
2362277
3898745
1294654
20276520
3069312
2278795
1308975
1299457
1309033
1296372
1304713
1303731
1294720
1466290
3785951
1480322
1301232
1301997
2133429
25809902
1463958
1296008
1866950
1307358
1302531
1306078
1297202
25717817
1438870
1911757
6539431
3206352
2044081
1297290
3557399
1298597
1297038
1296660
19955769
1918744
25814611
2059054
4097466
1305018
1307620
1401586
1904612
3313801
2037796
1305279
1299680
1300303
1986338
2251924
1310174
6053679
1296011
1794435
3259993
10491641
1296978
3012257
3001472
6070226
2149804
1308773
1451911
1296454
1296693
1297715
25704588
3626364
1292829
1304726
6041222
11808948
1305257
1296947
3262091
1438300
1421976
2134294
1870681
1305010
1309013
1306795
1422306
1299737
1921382
1304957
1292598
3150795
1304543
21360431
10558411
25905892
1301468
1300644
1308248
25823076
1305363
2382766
1294962
1866213
1298003
1448277
1304614
1299767
3789917
1305119
1296091
1304606
1307130
10540077
1292601
3025844
1304269
1872161
1304764
1292871
1297415
25917236
1304247
1958190
1304812
1853749
3605470
26359269
1298022
1294721
25870084
2213591
1297863
11624706
1308747
1304854
2159331
2277018
25746375
1793912
1293135
1305355
1298644
1295253
6021916
1308819
1300566
2215609
4196227
1853621
4215790
3602084
1466897
1433673
1298040
10827341
3026572
1309047
1299120
1308156
5153254
3563200
1296203
1883701
1292867
1946867
2978639
4851900
3176525
2997063
1297128
25947154
1305564
24325798
1308822
3014557
6719716
1416722
1304132
2970163
1793671
1428069
6082522
3239814
20515031
20431537
2036270
25800837
6989743
1307582
1815687
1297012
1304522
3022862
2364834
1300874
4707225
26050295
26263504
1303974
3987536
2124454
2065186
1292612
1401587
2362277
3898745
1294654
20276520
3069312
2278795
1308975
1299457
1309033
1296372
1304713
1303731
1294720
1466290
3785951
1480322
1301232
1301997
2133429
25809902
1463958
1296008
1866950
1307358
1302531
1306078
1297202
25717817
1438870
1911757
6539431
3206352
2044081
1297290
3557399
1298597
1297038
1296660
19955769
1918744
25814611
2059054
4097466
1305018
1307620
1401586
1904612
3313801
2037796
1305279
1299680
1300303
1986338
2251924
1310174
6053679
1296011
1794435
3259993
10491641
1296978
3012257
3001472
6070226
2149804
1308773
1451911
1296454
1296693
1297715
25704588
3626364
1292829
1304726
6041222
11808948
1305257
1296947
3262091
1438300
1421976
2134294
1870681
1305010
1309013
1306795
1422306
1299737
2297262
1300193
1385567
3008244
1293346
1588704
1295858
2062944
1422954
4022138
1472783
11599155
24312921
1922691
26220731
2382939
1962115
1301156
1949377
1306565
1293448
25938856
1308816
1298718
1293865
6048738
1292736
1305793
3229230
5323881
1300343
1442700
5996407
1293335
1788402
2131677
1292739
6041220
1307305
1300508
1297852
11594901
1293100
3073218
25843352
1871738
10807171
1308484
1830941
1828002
1938022
2156154
1894587
1482698
3402174
1294058
3562423
22994672
3346417
1759388
1296894
1482106
1298113
4097454
11226073
1300595
2036195
3073912
1306531
1293313
1448784
1776806
1304737
1300718
1940309
1458202
1963443
1419044
2979860
5308265
1859036
1835843
6872273
1297747
3011102
1300498
2368641
1607471
5244092
1296201
10766459
1299745
7916027
3071469
1294829
3250377
1971111
1302977
3600972
1309120
3003836
1308757
1295064
3017655
1779632
1482107
1306518
1308987
1428178
2998439
7065417
24470523
1307371
4323691
4810698
1428421
3158429
1470346
2080130
4111400
6731985
6858722
1297148
4075568
1308842
1304531
3317370
1303717
2078159
1293732
1498825
11523504
3266509
3727603
1417999
6875863
7052383
1292640
4202983
1304541
1408130
3631187
10833867
24708493
2042226
1981335
4298405
26276359
1294548
1422208
10744165
2125064
11601132
2003316
2359835
3346304
25909566
1305069
1417910
1301902
1300287
1966803
1302939
3987389
4714583
1301118
1304529
1468527
1304488
4301253
1770823
1310174
6053679
1296011
1794435
3259993
10491641
1296978
3012257
3001472
6070226
2149804
1308773
1451911
1296454
1296693
1297715
25704588
3626364
1292829
1304726
6041222
11808948
1305257
1296947
3262091
1438300
1421976
2134294
1870681
1305010
1309013
1306795
1422306
1299737
2297262
1300193
1385567
3008244
1293346
1588704
1295858
2062944
1422954
4022138
1472783
11599155
24312921
1922691
26220731
2382939
1962115
1301156
1949377
1306565
1293448
25938856
1308816
1298718
1293865
6048738
1292736
1305793
3229230
5323881
1300343
1442700
5996407
1293335
1788402
2131677
1292739
6041220
1307305
1300508
1297852
11594901
1293100
3073218
25843352
1871738
10807171
1308484
1830941
1828002
1938022
2156154
1894587
1482698
3402174
1294058
3562423
22994672
3346417
1759388
1296894
1482106
1298113
4097454
11226073
1300595
2036195
3073912
1306531
1293313
1448784
1776806
1304737
1300718
1940309
1458202
1963443
1419044
2979860
5308265
1859036
1835843
6872273
1297747
3011102
1300498
2368641
1607471
5244092
1296201
10766459
1299745
7916027
3071469
1294829
3250377
1971111
1302977
3600972
1309120
3003836
1308757
1295064
3017655
1779632
1482107
1306518
1308987
1428178
2998439
7065417
24470523
1307371
4323691
4810698
1428421
3158429
1470346
2080130
4111400
6731985
6858722
1297148
4075568
1308842
1304531
3317370
1303717
2078159
1293732
1498825
11523504
3266509
3727603
1417999
6875863
7052383
1292640
4202983
1304541
1408130
3631187
10833867
24708493
2042226
1981335
4298405
26276359
1294548
1422208
10744165
2125064
11601132
2003316
2359835
3346304
25909566
1305069
1417910
1301902
1300287
1966803
1302939
3987389
4714583
1301118
1304529
1468527
1304488
4301253
1770823
3236481
1302474
1304518
1797519
1302589
1298127
1299859
2060181
10488535
1776803
2991782
3205673
1306452
1293453
1296186
2382772
1305072
6789432
1298850
1304208
1301398
1298727
1308489
1304401
21329877
3804876
1294644
25717233
4807924
6011806
3078609
21349734
2054933
4767216
2081098
1390021
4004715
5318665
1305068
4135710
1302678
1308429
1308573
2158222
4745470
1295078
1306802
2229427
3008712
1307747
1482079
1929443
1302673
1949320
1293899
1295106
5416009
1307187
2133413
1309038
25862355
1783461
1305902
3749943
2074035
1308367
2362662
1428068
21871405
1298761
25845910
1301167
1292977
1305915
1902105
25785807
25861695
2338056
1301888
10487238
1482495
1303112
1305662
2076162
1401641
1308808
1296942
3369383
1293816
1779509
1482541
4900088
21937434
1300130
1302233
1300714
1294202
1297723
25798252
1964510
1292599
6724946
3718210
1294572
1303588
1300085
1483446
1295903
1298819
1303808
10537891
1479817
1304813
1421928
5064220
3285647
1305565
1298981
1295295
3878004
1307136
3095684
1308501
4111408
24872861
1303153
5152536
1397184
1307217
1299984
1306858
1885119
1304647
1297100
3641137
3025410
1858267
1485962
3439315
22011074
1303898
6097353
1305045
1303283
10573677
4724739
25723907
1307323
10833924
3279107
1308753
3880545
2256034
1947144
1299981
1892510
1299374
1929497
4924694
4156402
1309086
1300659
2028650
1422909
1306057
1308991
1309297
1299922
3183490
1394268
1864290
1305804
1292640
4202983
1304541
1408130
3631187
10833867
24708493
2042226
1981335
4298405
26276359
1294548
1422208
10744165
2125064
11601132
2003316
2359835
3346304
25909566
1305069
1417910
1301902
1300287
1966803
1302939
3987389
4714583
1301118
1304529
1468527
1304488
4301253
1770823
3236481
1302474
1304518
1797519
1302589
1298127
1299859
2060181
10488535
1776803
2991782
3205673
1306452
1293453
1296186
2382772
1305072
6789432
1298850
1304208
1301398
1298727
1308489
1304401
21329877
3804876
1294644
25717233
4807924
6011806
3078609
21349734
2054933
4767216
2081098
1390021
4004715
5318665
1305068
4135710
1302678
1308429
1308573
2158222
4745470
1295078
1306802
2229427
3008712
1307747
1482079
1929443
1302673
1949320
1293899
1295106
5416009
1307187
2133413
1309038
25862355
1783461
1305902
3749943
2074035
1308367
2362662
1428068
21871405
1298761
25845910
1301167
1292977
1305915
1902105
25785807
25861695
2338056
1301888
10487238
1482495
1303112
1305662
2076162
1401641
1308808
1296942
3369383
1293816
1779509
1482541
4900088
21937434
1300130
1302233
1300714
1294202
1297723
25798252
1964510
1292599
6724946
3718210
1294572
1303588
1300085
1483446
1295903
1298819
1303808
10537891
1479817
1304813
1421928
5064220
3285647
1305565
1298981
1295295
3878004
1307136
3095684
1308501
4111408
24872861
1303153
5152536
1397184
1307217
1299984
1306858
1885119
1304647
1297100
3641137
3025410
1858267
1485962
3439315
22011074
1303898
6097353
1305045
1303283
10573677
4724739
25723907
1307323
10833924
3279107
1308753
3880545
2256034
1947144
1299981
1892510
1299374
1929497
4924694
4156402
1309086
1300659
2028650
1422909
1306057
1308991
1309297
1299922
3183490
1394268
1864290
1305804
1306733
1294165
2132736
3071461
1417753
1306955
1299576
1309177
5382848
1389937
1961844
1309083
1306712
3829499
3718709
1299858
1920798
2133466
6424025
2348020
2299395
1307221
1297280
1307862
3212289
24883815
1326206
3007070
1303176
1482086
1304567
1304961
3929374
3282392
1308989
1461401
3233745
1422908
1295432
1294857
1482103
1578718
1303407
20453772
1299111
4034100
3073118
1299343
1303944
10543667
1304318
1306921
1293970
6124111
22276795
3230143
1305142
25760247
1292596
10416189
1759579
1297385
1304514
3112731
1293259
1293740
2301359
1456690
2333435
1301546
25757780
3118805
3032434
1483811
1578711
1292948
1434203
1304384
6080775
2257732
3654340
1309084
1390020
3628370
1304677
1509868
3402101
1293607
1292624
1400665
1308764
3147941
3104798
21334420
3736691
2132187
1972701
3072889
1997681
1994879
3284396
24839498
1301865
1301173
1301861
2132430
1298297
5501711
2133293
2059310
1899601
10546666
1305201
1292339
1309049
1308912
1427319
1295547
3072185
1298603
1297743
6083109
1979076
1422925
4861408
4728881
1294809
2042279
2257738
3072888
1298114
3154908
5327655
1298728
1306713
1418179
1298291
1433676
1305529
2212281
21264315
5327188
19969446
3011581
1498658
2364982
1307046
24852462
1294251
3188042
3014200
2042975
1308763
1795628
1768993
1294350
2338068
1944903
1294131
3530407
6126506
25809101
1297981
1296424
2123052
1853686
1434218
1299182
5279977
1304021
3007837
1485962
3439315
22011074
1303898
6097353
1305045
1303283
10573677
4724739
25723907
1307323
10833924
3279107
1308753
3880545
2256034
1947144
1299981
1892510
1299374
1929497
4924694
4156402
1309086
1300659
2028650
1422909
1306057
1308991
1309297
1299922
3183490
1394268
1864290
1305804
1306733
1294165
2132736
3071461
1417753
1306955
1299576
1309177
5382848
1389937
1961844
1309083
1306712
3829499
3718709
1299858
1920798
2133466
6424025
2348020
2299395
1307221
1297280
1307862
3212289
24883815
1326206
3007070
1303176
1482086
1304567
1304961
3929374
3282392
1308989
1461401
3233745
1422908
1295432
1294857
1482103
1578718
1303407
20453772
1299111
4034100
3073118
1299343
1303944
10543667
1304318
1306921
1293970
6124111
22276795
3230143
1305142
25760247
1292596
10416189
1759579
1297385
1304514
3112731
1293259
1293740
2301359
1456690
2333435
1301546
25757780
3118805
3032434
1483811
1578711
1292948
1434203
1304384
6080775
2257732
3654340
1309084
1390020
3628370
1304677
1509868
3402101
1293607
1292624
1400665
1308764
3147941
3104798
21334420
3736691
2132187
1972701
3072889
1997681
1994879
3284396
24839498
1301865
1301173
1301861
2132430
1298297
5501711
2133293
2059310
1899601
10546666
1305201
1292339
1309049
1308912
1427319
1295547
3072185
1298603
1297743
6083109
1979076
1422925
4861408
4728881
1294809
2042279
2257738
3072888
1298114
3154908
5327655
1298728
1306713
1418179
1298291
1433676
1305529
2212281
21264315
5327188
19969446
3011581
1498658
2364982
1307046
24852462
1294251
3188042
3014200
2042975
1308763
1795628
1768993
1294350
2338068
1944903
1294131
3530407
6126506
25809101
1297981
1296424
2123052
1853686
1434218
1299182
5279977
1304021
3007837
1293447
1299790
3267046
6087768
1293476
1448700
1395458
1481233
1463357
1306509
10739401
1966139
1461068
3077688
1307576
3250389
3066798
1301056
1758363
5327400
2253851
1958278
1792936
3832600
2160018
1304697
24879258
1783537
3388057
3001143
6900093
1293570
10430704
1299415
6864436
3560232
2371861
1303168
1293238
1294358
1292647
1455975
1304767
1451393
3075329
3233742
1757807
4225584
6999845
1293684
1306657
1294982
24757324
1306030
1302359
1306443
4212172
1305265
1303203
3652302
3777800
2054026
4062922
1297291
2132120
1293258
1914652
1308838
1307181
1307906
3927750
1308860
1400668
1305071
2368587
20515071
1428054
1308207
1308988
1307363
10833970
1309035
1295746
1419935
1300242
2257740
1438041
1419904
1306392
2910660
4043647
1914682
1297611
1401137
1293364
1305837
1875488
3008659
1759975
5997157
3440481
1307876
1467023
1299282
2265098
6557030
25881628
1300926
1293035
1293760
1304915
1305430
1305211
1309057
10428476
1437847
1309063
5432221
1298155
1946607
1389918
1298065
2978184
1292685
5413813
1864541
1764842
10769694
1299965
3592845
1482067
5968304
1440852
3666923
4705077
4073061
1293854
2993265
21776863
2349928
1305016
11627124
25958197
1439241
24827612
5908479
25788052
25827270
2079683
6524263
3205548
2127676
26274810
6873148
1855944
7564114
1292732
3305719
3182426
1296927
1300692
1305070
10466642
20275845
1297768
11636310
1305130
3596506
2133564
10461324
5156523
1433676
1305529
2212281
21264315
5327188
19969446
3011581
1498658
2364982
1307046
24852462
1294251
3188042
3014200
2042975
1308763
1795628
1768993
1294350
2338068
1944903
1294131
3530407
6126506
25809101
1297981
1296424
2123052
1853686
1434218
1299182
5279977
1304021
3007837
1293447
1299790
3267046
6087768
1293476
1448700
1395458
1481233
1463357
1306509
10739401
1966139
1461068
3077688
1307576
3250389
3066798
1301056
1758363
5327400
2253851
1958278
1792936
3832600
2160018
1304697
24879258
1783537
3388057
3001143
6900093
1293570
10430704
1299415
6864436
3560232
2371861
1303168
1293238
1294358
1292647
1455975
1304767
1451393
3075329
3233742
1757807
4225584
6999845
1293684
1306657
1294982
24757324
1306030
1302359
1306443
4212172
1305265
1303203
3652302
3777800
2054026
4062922
1297291
2132120
1293258
1914652
1308838
1307181
1307906
3927750
1308860
1400668
1305071
2368587
20515071
1428054
1308207
1308988
1307363
10833970
1309035
1295746
1419935
1300242
2257740
1438041
1419904
1306392
2910660
4043647
1914682
1297611
1401137
1293364
1305837
1875488
3008659
1759975
5997157
3440481
1307876
1467023
1299282
2265098
6557030
25881628
1300926
1293035
1293760
1304915
1305430
1305211
1309057
10428476
1437847
1309063
5432221
1298155
1946607
1389918
1298065
2978184
1292685
5413813
1864541
1764842
10769694
1299965
3592845
1482067
5968304
1440852
3666923
4705077
4073061
1293854
2993265
21776863
2349928
1305016
11627124
25958197
1439241
24827612
5908479
25788052
25827270
2079683
6524263
3205548
2127676
26274810
6873148
1855944
7564114
1292732
3305719
3182426
1296927
1300692
1305070
10466642
20275845
1297768
11636310
1305130
3596506
2133564
10461324
5156523
1669957
1309093
1420094
2075319
3026008
1302737
3012019
19929503
1470856
2133313
1304704
1441718
1870683
2155210
1419661
1293319
1301782
3148588
1389888
2046022
1482525
1293370
4913200
3683409
4826330
3217122
1308111
1300608
10788846
1304038
3006424
3103186
3213173
1460996
1304642
1308232
1867332
4301278
1306334
25811357
1299550
1309053
1308596
20277433
1309124
3101985
19963896
3075921
10774066
24713882
1370276
1307695
1400673
6890469
4902100
1297194
3927791
3654346
11577177
1299237
1888671
1301381
1308824
1419924
1395455
1303497
1792933
2149465
3696535
5407055
5908859
4727962
1408298
2045321
1304382
1925058
1293896
3212352
6874140
3279069
1294858
22604659
1307979
1997938
3864367
1871220
26253616
1820138
24849703
25901741
10460153
26011817
5282434
10745195
2079632
1693078
1295749
1793913
1303676
1297889
3038900
1777200
1303724
3914512
1294123
25726658
3005375
2009395
10777781
1922147
25802211
1522327
23165672
1794401
2979687
25730893
1905788
20274105
6847698
24381567
1305625
6116543
1296891
1451895
3087326
25870066
1297141
3441061
1303218
1306891
1293252
24861117
1295192
1297946
24532099
1306461
10811181
1293311
1307773
1293267
2009948
11232686
1479864
3898722
2213042
10755598
1293481
25792792
1761184
4271894
4906427
23034934
19957083
4271832
3607666
10831449
2081493
1300246
1297003
1299649
1580620
1950198
1937400
2343491
1303674
6383498
6870493
3071471
1940086
1853752
1419939
2993265
21776863
2349928
1305016
11627124
25958197
1439241
24827612
5908479
25788052
25827270
2079683
6524263
3205548
2127676
26274810
6873148
1855944
7564114
1292732
3305719
3182426
1296927
1300692
1305070
10466642
20275845
1297768
11636310
1305130
3596506
2133564
10461324
5156523
1669957
1309093
1420094
2075319
3026008
1302737
3012019
19929503
1470856
2133313
1304704
1441718
1870683
2155210
1419661
1293319
1301782
3148588
1389888
2046022
1482525
1293370
4913200
3683409
4826330
3217122
1308111
1300608
10788846
1304038
3006424
3103186
3213173
1460996
1304642
1308232
1867332
4301278
1306334
25811357
1299550
1309053
1308596
20277433
1309124
3101985
19963896
3075921
10774066
24713882
1370276
1307695
1400673
6890469
4902100
1297194
3927791
3654346
11577177
1299237
1888671
1301381
1308824
1419924
1395455
1303497
1792933
2149465
3696535
5407055
5908859
4727962
1408298
2045321
1304382
1925058
1293896
3212352
6874140
3279069
1294858
22604659
1307979
1997938
3864367
1871220
26253616
1820138
24849703
25901741
10460153
26011817
5282434
10745195
2079632
1693078
1295749
1793913
1303676
1297889
3038900
1777200
1303724
3914512
1294123
25726658
3005375
2009395
10777781
1922147
25802211
1522327
23165672
1794401
2979687
25730893
1905788
20274105
6847698
24381567
1305625
6116543
1296891
1451895
3087326
25870066
1297141
3441061
1303218
1306891
1293252
24861117
1295192
1297946
24532099
1306461
10811181
1293311
1307773
1293267
2009948
11232686
1479864
3898722
2213042
10755598
1293481
25792792
1761184
4271894
4906427
23034934
19957083
4271832
3607666
10831449
2081493
1300246
1297003
1299649
1580620
1950198
1937400
2343491
1303674
6383498
6870493
3071471
1940086
1853752
1419939
1309196
1300070
3096161
2133318
2042973
1390022
3567857
3660583
24702267
1395445
3718493
4301056
3213270
2080849
4910183
5152333
2996625
1824412
25788954
1926517
1308637
1302776
1422911
3431735
4706257
1309091
1578510
3011373
1929441
1297213
3822631
25809260
6129706
3769442
3166574
6874567
1305726
1299378
1757929
2061828
1309031
5327474
6875412
3627296
6721894
1298152
4813645
1301376
1300699
1303781
4074179
3156032
1930542
1394470
1890586
26330955
5382911
1305343
1293091
1308002
1301788
5954626
1433797
3626439
1304124
3327339
1297587
1361253
1930829
2054068
1305376
1305653
3009165
1306805
1930582
1292983
1304155
1298878
6869382
2125241
1875319
1308985
2011537
4930652
26297389
1461148
1309174
1580313
4051876
1302110
2999887
1309148
6402604
1293292
1302593
1964707
25794037
25872196
4066206
4822848
1927686
3217149
25805054
6869395
1307043
2338058
1394968
7051900
6759229
1306541
1427834
3008892
1422106
1305735
3356338
1296569
1466910
1302242
24753811
1301982
3071624
24530943
3826526
1309217
1790754
1307456
6037517
3026555
1304607
21263664
2372586
1400666
1307675
6534064
1389980
2998412
1305553
1304114
3006416
3073071
6965615
1305934
3004244
1308504
25835306
6972876
1308197
4915854
4301215
1296826
1307368
25821585
5294432
3249742
1958063
10581376
3699947
2326458
1298737
3598221
3011044
1307289
1293554
24879770
1292930
10581908
6873740
3005603
2999306
21332449
2049667
1293311
1307773
1293267
2009948
11232686
1479864
3898722
2213042
10755598
1293481
25792792
1761184
4271894
4906427
23034934
19957083
4271832
3607666
10831449
2081493
1300246
1297003
1299649
1580620
1950198
1937400
2343491
1303674
6383498
6870493
3071471
1940086
1853752
1419939
1309196
1300070
3096161
2133318
2042973
1390022
3567857
3660583
24702267
1395445
3718493
4301056
3213270
2080849
4910183
5152333
2996625
1824412
25788954
1926517
1308637
1302776
1422911
3431735
4706257
1309091
1578510
3011373
1929441
1297213
3822631
25809260
6129706
3769442
3166574
6874567
1305726
1299378
1757929
2061828
1309031
5327474
6875412
3627296
6721894
1298152
4813645
1301376
1300699
1303781
4074179
3156032
1930542
1394470
1890586
26330955
5382911
1305343
1293091
1308002
1301788
5954626
1433797
3626439
1304124
3327339
1297587
1361253
1930829
2054068
1305376
1305653
3009165
1306805
1930582
1292983
1304155
1298878
6869382
2125241
1875319
1308985
2011537
4930652
26297389
1461148
1309174
1580313
4051876
1302110
2999887
1309148
6402604
1293292
1302593
1964707
25794037
25872196
4066206
4822848
1927686
3217149
25805054
6869395
1307043
2338058
1394968
7051900
6759229
1306541
1427834
3008892
1422106
1305735
3356338
1296569
1466910
1302242
24753811
1301982
3071624
24530943
3826526
1309217
1790754
1307456
6037517
3026555
1304607
21263664
2372586
1400666
1307675
6534064
1389980
2998412
1305553
1304114
3006416
3073071
6965615
1305934
3004244
1308504
25835306
6972876
1308197
4915854
4301215
1296826
1307368
25821585
5294432
3249742
1958063
10581376
3699947
2326458
1298737
3598221
3011044
1307289
1293554
24879770
1292930
10581908
6873740
3005603
2999306
21332449
2049667
2969478
26061902
1419929
1917973
1293119
1949315
1479821
26611458
2125071
1304738
1294995
1293729
4323600
1784989
1863449
1295273
1927130
1294772
22723256
1432774
1304617
1302060
4019444
1308801
21349301
1293149
1293139
1755972
1304550
1304525
1305352
1479869
4891772
2142702
3720991
3156609
3703290
1304420
2154734
1294814
23255228
3143647
4890184
11506895
3134127
1305988
1308717
2131651
2137130
1786332
1417751
1299895
4901344
1298146
1307022
1316535
25895276
24751754
4830478
2227293
6514105
3154909
10482125
1419581
1418187
3025666
1824414
25703430
1434257
1299048
1297866
4723944
3078753
6893934
3017896
2364973
3077826
21354076
3101989
2063867
1308803
3318306
1302344
3055049
10508878
1304977
1295987
1401390
4745364
5364978
3285050
3569954
1494897
10577681
1400667
3033092
1292827
2230893
1293690
3011460
6402121
1309132
1292493
1890558
1309182
20278806
10569022
5413771
3077693
2335117
1767732
20491427
2035075
3290456
1292333
1300381
1293518
6860303
1302415
1467242
1302495
6878468
20278801
5250369
1302554
2223337
24522651
5285699
1947142
3273910
1827027
4301248
1309139
1306008
10736563
1389891
1302607
26341048
1304553
25853129
2080749
3914541
4911253
1297694
11639245
1307202
1305136
6793324
1296875
5152343
10483519
4088942
1308157
2263105
1302648
1305779
1419923
1494855
2003667
4849747
20502341
6126442
1961963
1307023
25785314
3267120
1468154
1302769
2130163
4901335
3008256
3288397
1304114
3006416
3073071
6965615
1305934
3004244
1308504
25835306
6972876
1308197
4915854
4301215
1296826
1307368
25821585
5294432
3249742
1958063
10581376
3699947
2326458
1298737
3598221
3011044
1307289
1293554
24879770
1292930
10581908
6873740
3005603
2999306
21332449
2049667
2969478
26061902
1419929
1917973
1293119
1949315
1479821
26611458
2125071
1304738
1294995
1293729
4323600
1784989
1863449
1295273
1927130
1294772
22723256
1432774
1304617
1302060
4019444
1308801
21349301
1293149
1293139
1755972
1304550
1304525
1305352
1479869
4891772
2142702
3720991
3156609
3703290
1304420
2154734
1294814
23255228
3143647
4890184
11506895
3134127
1305988
1308717
2131651
2137130
1786332
1417751
1299895
4901344
1298146
1307022
1316535
25895276
24751754
4830478
2227293
6514105
3154909
10482125
1419581
1418187
3025666
1824414
25703430
1434257
1299048
1297866
4723944
3078753
6893934
3017896
2364973
3077826
21354076
3101989
2063867
1308803
3318306
1302344
3055049
10508878
1304977
1295987
1401390
4745364
5364978
3285050
3569954
1494897
10577681
1400667
3033092
1292827
2230893
1293690
3011460
6402121
1309132
1292493
1890558
1309182
20278806
10569022
5413771
3077693
2335117
1767732
20491427
2035075
3290456
1292333
1300381
1293518
6860303
1302415
1467242
1302495
6878468
20278801
5250369
1302554
2223337
24522651
5285699
1947142
3273910
1827027
4301248
1309139
1306008
10736563
1389891
1302607
26341048
1304553
25853129
2080749
3914541
4911253
1297694
11639245
1307202
1305136
6793324
1296875
5152343
10483519
4088942
1308157
2263105
1302648
1305779
1419923
1494855
2003667
4849747
20502341
6126442
1961963
1307023
25785314
3267120
1468154
1302769
2130163
4901335
3008256
3288397
1394520
1308129
1306133
3008253
1765848
2146939
1891157
1309028
3310482
3882445
21340202
3326710
10577854
1547134
3318473
1306381
6886490
25717176
4301613
26253733
3154585
21355933
2119423
1510114
3441046
1308247
2334685
1853181
1394236
3233636
1419981
1483577
3262935
1308770
3077735
1780982
1302877
2132466
24855035
2018254
1408122
1298821
1306295
1303989
1917299
1297053
2028842
26341047
1304695
1309181
1296508
1299891
24879821
1297604
1476676
1877130
1308759
1309062
1304604
3438358
3736682
5151823
24258766
1300162
1303998
4133237
5240875
1304781
1476912
1304493
3369184
1295531
1307704
1301162
3240208
3179758
3897667
1393479
26140241
4858775
4078562
25838463
1298346
2222995
11776289
26289126
25824741
1308616
21724200
6875277
3673923
4822845
7161707
1422913
21765841
1308836
1305060
22508259
3569915
3006775
1309179
2067505
1303156
10558252
2364051
1307532
1308805
3006892
3230023
24325906
3073281
1308050
6890343
1424743
1304554
1914681
1994877
1304600
3182797
3287578
2009341
3612850
1358468
1309039
2357421
5317308
2364979
10777678
1308775
3443400
3193932
1947680
6875991
1419584
21324289
4236792
10491655
1774999
1874220
1306562
1304532
1921356
1308615
3073837
1461031
1395456
1304509
2036940
6859841
20284848
1464932
20002750
1298489
1304312
1293180
3025846
6536293
23035067
6733278
3326759
3069338
1307644
10455634
1305770
1293081
3562807
3095510
1305347
3252202
1427282
10432325
26341048
1304553
25853129
2080749
3914541
4911253
1297694
11639245
1307202
1305136
6793324
1296875
5152343
10483519
4088942
1308157
2263105
1302648
1305779
1419923
1494855
2003667
4849747
20502341
6126442
1961963
1307023
25785314
3267120
1468154
1302769
2130163
4901335
3008256
3288397
1394520
1308129
1306133
3008253
1765848
2146939
1891157
1309028
3310482
3882445
21340202
3326710
10577854
1547134
3318473
1306381
6886490
25717176
4301613
26253733
3154585
21355933
2119423
1510114
3441046
1308247
2334685
1853181
1394236
3233636
1419981
1483577
3262935
1308770
3077735
1780982
1302877
2132466
24855035
2018254
1408122
1298821
1306295
1303989
1917299
1297053
2028842
26341047
1304695
1309181
1296508
1299891
24879821
1297604
1476676
1877130
1308759
1309062
1304604
3438358
3736682
5151823
24258766
1300162
1303998
4133237
5240875
1304781
1476912
1304493
3369184
1295531
1307704
1301162
3240208
3179758
3897667
1393479
26140241
4858775
4078562
25838463
1298346
2222995
11776289
26289126
25824741
1308616
21724200
6875277
3673923
4822845
7161707
1422913
21765841
1308836
1305060
22508259
3569915
3006775
1309179
2067505
1303156
10558252
2364051
1307532
1308805
3006892
3230023
24325906
3073281
1308050
6890343
1424743
1304554
1914681
1994877
1304600
3182797
3287578
2009341
3612850
1358468
1309039
2357421
5317308
2364979
10777678
1308775
3443400
3193932
1947680
6875991
1419584
21324289
4236792
10491655
1774999
1874220
1306562
1304532
1921356
1308615
3073837
1461031
1395456
1304509
2036940
6859841
20284848
1464932
20002750
1298489
1304312
1293180
3025846
6536293
23035067
6733278
3326759
3069338
1307644
10455634
1305770
1293081
3562807
3095510
1305347
3252202
1427282
10432325
25903812
1297438
2080746
3230462
4707230
25872931
1308827
4711195
10573695
1304282
25753166
3264229
1305183
23163938
2124708
2353665
3279093
1309067
1849003
2376071
1870118
2271640
1308590
3285073
25763555
5154496
1307741
25828521
1302379
1441612
5948656
6875265
3735003
3447563
1417543
1307873
1962120
11599151
25798132
2302386
10487917
2059354
1437554
6857268
2364005
1307457
1482073
3211468
2132510
1308795
3573048
10851241
3642895
1916089
3072149
1308237
4853689
20427090
3578715
2084312
3068193
25862279
10755166
6848284
3148297
4233892
2337873
25743024
1293187
24699451
1526760
3011979
26388980
3285610
1308566
1296279
3614990
3878019
1860741
1918601
4881607
6782006
6225992
1305713
1464338
2269893
1308772
1438093
1308743
3136488
3148571
2137298
1465415
1947719
1444595
10574621
11531725
6858739
1309193
1307819
3401751
25715087
6873085
2118538
3269019
1426842
5337555
1304196
4960204
2044201
4011164
25934051
1308675
5967799
1433602
5342711
1298602
10508920
6873250
1839855
1478174
1481856
25726142
2264023
25787993
1408137
24267680
1493920
1301022
1295061
1295387
1304539
1296221
4849735
25767613
4911596
2245452
4319429
6524283
2977490
1916854
10581946
1306918
1309175
21349801
1301787
1916088
3011980
10800644
4132357
1296924
25710912
25755645
11625097
25858785
5996800
3268216
2147836
1307740
2279772
5967821
4707209
1306319
25881780
1308520
1299035
10511636
1388196
1962823
10456963
3213233
1774999
1874220
1306562
1304532
1921356
1308615
3073837
1461031
1395456
1304509
2036940
6859841
20284848
1464932
20002750
1298489
1304312
1293180
3025846
6536293
23035067
6733278
3326759
3069338
1307644
10455634
1305770
1293081
3562807
3095510
1305347
3252202
1427282
10432325
25903812
1297438
2080746
3230462
4707230
25872931
1308827
4711195
10573695
1304282
25753166
3264229
1305183
23163938
2124708
2353665
3279093
1309067
1849003
2376071
1870118
2271640
1308590
3285073
25763555
5154496
1307741
25828521
1302379
1441612
5948656
6875265
3735003
3447563
1417543
1307873
1962120
11599151
25798132
2302386
10487917
2059354
1437554
6857268
2364005
1307457
1482073
3211468
2132510
1308795
3573048
10851241
3642895
1916089
3072149
1308237
4853689
20427090
3578715
2084312
3068193
25862279
10755166
6848284
3148297
4233892
2337873
25743024
1293187
24699451
1526760
3011979
26388980
3285610
1308566
1296279
3614990
3878019
1860741
1918601
4881607
6782006
6225992
1305713
1464338
2269893
1308772
1438093
1308743
3136488
3148571
2137298
1465415
1947719
1444595
10574621
11531725
6858739
1309193
1307819
3401751
25715087
6873085
2118538
3269019
1426842
5337555
1304196
4960204
2044201
4011164
25934051
1308675
5967799
1433602
5342711
1298602
10508920
6873250
1839855
1478174
1481856
25726142
2264023
25787993
1408137
24267680
1493920
1301022
1295061
1295387
1304539
1296221
4849735
25767613
4911596
2245452
4319429
6524283
2977490
1916854
10581946
1306918
1309175
21349801
1301787
1916088
3011980
10800644
4132357
1296924
25710912
25755645
11625097
25858785
5996800
3268216
2147836
1307740
2279772
5967821
4707209
1306319
25881780
1308520
1299035
10511636
1388196
1962823
10456963
3213233
4817024
20472857
3447595
4091908
1308110
2052973
3748544
6514136
1410822
21362716
3213250
11541282
2977731
3230148
1316581
3555237
6886471
10512804
1920730
4845412
6873766
1308585
1929438
6557019
1922634
2132203
2003156
2038288
10573438
19962568
2244739
3389596
10480985
1510432
5286818
3008265
3095496
3011335
2143554
4262929
20388696
1863447
1929503
3006467
1304555
1304566
24750968
1303137
4133214
6041219
1472229
10462973
4082227
1890556
1307662
1305187
1877111
1307530
4110128
3820191
10833923
16475702
5290729
26320029
4845414
26219652
1940867
3420455
4051608
5366708
19967839
6971017
1364764
3837495
4883258
11604102
3757161
3426848
1962230
6999258
3326747
2255999
1370237
1418859
1876686
5999381
3104205
20266418
5436043
3236367
6900095
1946291
1775450
23010202
1477608
4052914
3743168
23774748
10528835
22964323
3449691
2333672
3057784
10605978
1307868
6101834
1308742
1482075
2160439
25856480
4307000
1308830
3126138
2567521
4058963
1422039
1308201
3988887
1441473
11598815
4849719
1966105
1868849
1855783
1428535
5189647
1308443
1869844
1479809
1459720
3073638
1440884
25777330
25834473
3244162
1307849
4100696
3558661
5446226
4320236
3862627
6722888
26326395
5919333
24758396
10827168
21324293
21248460
3008263
1966121
3114134
10484016
1419962
26148846
1298712
3175453
4902958
1498855
24879839
21359619
1308811
2214140
2295401
3990500
11594933
1962508
6037977
1298230
10604227
10756499
7056398
4319429
6524283
2977490
1916854
10581946
1306918
1309175
21349801
1301787
1916088
3011980
10800644
4132357
1296924
25710912
25755645
11625097
25858785
5996800
3268216
2147836
1307740
2279772
5967821
4707209
1306319
25881780
1308520
1299035
10511636
1388196
1962823
10456963
3213233
4817024
20472857
3447595
4091908
1308110
2052973
3748544
6514136
1410822
21362716
3213250
11541282
2977731
3230148
1316581
3555237
6886471
10512804
1920730
4845412
6873766
1308585
1929438
6557019
1922634
2132203
2003156
2038288
10573438
19962568
2244739
3389596
10480985
1510432
5286818
3008265
3095496
3011335
2143554
4262929
20388696
1863447
1929503
3006467
1304555
1304566
24750968
1303137
4133214
6041219
1472229
10462973
4082227
1890556
1307662
1305187
1877111
1307530
4110128
3820191
10833923
16475702
5290729
26320029
4845414
26219652
1940867
3420455
4051608
5366708
19967839
6971017
1364764
3837495
4883258
11604102
3757161
3426848
1962230
6999258
3326747
2255999
1370237
1418859
1876686
5999381
3104205
20266418
5436043
3236367
6900095
1946291
1775450
23010202
1477608
4052914
3743168
23774748
10528835
22964323
3449691
2333672
3057784
10605978
1307868
6101834
1308742
1482075
2160439
25856480
4307000
1308830
3126138
2567521
4058963
1422039
1308201
3988887
1441473
11598815
4849719
1966105
1868849
1855783
1428535
5189647
1308443
1869844
1479809
1459720
3073638
1440884
25777330
25834473
3244162
1307849
4100696
3558661
5446226
4320236
3862627
6722888
26326395
5919333
24758396
10827168
21324293
21248460
3008263
1966121
3114134
10484016
1419962
26148846
1298712
3175453
4902958
1498855
24879839
21359619
1308811
2214140
2295401
3990500
11594933
1962508
6037977
1298230
10604227
10756499
7056398
10740243
24089455
25827399
3737290
1885180
3014952
6430838
3151388
3562420
25837230
26280561
1922648
25770733
21319204
4219841
1890567
3004250
2053618
1300389
1506680
1439890
3344570
5250583
3804746
4707596
1419416
23856234
26322809
24872023
1303693
1949877
25746414
2124718
20452308
1442740
3003192
26366634
6313287
25788112
6873828
22519789
25833539
1302278
1304619
6849069
3182495
3118551
6902345
26590070
25776178
2189743
24879858
3928370
3126196
1950525
25728590
25881786
1308834
26271893
1424746
20277285
4713981
2344873
25886495
25806698
1478285
4301282
2212176
24523683
1307206
24721493
3670447
4728471
3815920
25880244
1308866
4258485
10527288
2276989
10606939
4942779
4604914
6799156
10554941
2133326
10827151
21340793
21943062
6946772
5337543
11625731
4861420
1793916
2043458
20274042
1439192
25785892
26331608
6788265
25831326
5044739
6873331
3892235
10453730
25713336
21263442
1926795
4881121
20515078
5282464
6126047
3323922
4735944
26611801
20254219
3089689
1458862
24752702
6946773
2132894
1815487
10594958
6793331
3804605
26593244
20376577
24751757
24743712
3212106
1758336
5382887
3032912
1308973
10449536
25786067
2133468
2053653
25824853
26220735
5384872
10604486
24847343
3737283
6984061
2279587
26163541
4960076
23127631
6873851
26348218
6890746
26582787
1757662
25818639
25764502
26253704
20411172
3182794
24522852
11614603
25908042
6984064
1305926
26279166
24858573
24873473
26607739
25907004
6519514
3017836
3539855
3558661
5446226
4320236
3862627
6722888
26326395
5919333
24758396
10827168
21324293
21248460
3008263
1966121
3114134
10484016
1419962
26148846
1298712
3175453
4902958
1498855
24879839
21359619
1308811
2214140
2295401
3990500
11594933
1962508
6037977
1298230
10604227
10756499
7056398
10740243
24089455
25827399
3737290
1885180
3014952
6430838
3151388
3562420
25837230
26280561
1922648
25770733
21319204
4219841
1890567
3004250
2053618
1300389
1506680
1439890
3344570
5250583
3804746
4707596
1419416
23856234
26322809
24872023
1303693
1949877
25746414
2124718
20452308
1442740
3003192
26366634
6313287
25788112
6873828
22519789
25833539
1302278
1304619
6849069
3182495
3118551
6902345
26590070
25776178
2189743
24879858
3928370
3126196
1950525
25728590
25881786
1308834
26271893
1424746
20277285
4713981
2344873
25886495
25806698
1478285
4301282
2212176
24523683
1307206
24721493
3670447
4728471
3815920
25880244
1308866
4258485
10527288
2276989
10606939
4942779
4604914
6799156
10554941
2133326
10827151
21340793
21943062
6946772
5337543
11625731
4861420
1793916
2043458
20274042
1439192
25785892
26331608
6788265
25831326
5044739
6873331
3892235
10453730
25713336
21263442
1926795
4881121
20515078
5282464
6126047
3323922
4735944
26611801
20254219
3089689
1458862
24752702
6946773
2132894
1815487
10594958
6793331
3804605
26593244
20376577
24751757
24743712
3212106
1758336
5382887
3032912
1308973
10449536
25786067
2133468
2053653
25824853
26220735
5384872
10604486
24847343
3737283
6984061
2279587
26163541
4960076
23127631
6873851
26348218
6890746
26582787
1757662
25818639
25764502
26253704
20411172
3182794
24522852
11614603
25908042
6984064
1305926
26279166
24858573
24873473
26607739
25907004
6519514
3017836
3539855
3151703
24878180
2032389
3240844
1950151
24889933
3892449
3304014
25951736
22300822
6815117
6867553
24847340
26411409
5323911
25962735
25918597
25728697
3824500
6957227
23042272
5413824
25886500
6422080
26675674
22556810
25919529
26434823
20395646
6717575
26263437
6110563
25743383
24706118
3055452
21327518
24751765
4926002
10477734
2137080
5936247
25767590
4173583
1457319
25778488
6436763
25908302
6778650
24751825
3266407
4881604
6068516
25849475
3389558
6531251
6963575
3993553
24888079
2277019
6518721
5337755
25858760
25928069
25917896
26354096
26290365
25899616
4707237
10487240
2297004
25663134
6957273
10545947
25864203
22557694
25884865
2417346
10432937
6901135
26358025
25702580
26277156
3737278
5975197
20398974
21340764
2357397
5345423
25972411
10766178
26280556
5968450
26646649
25804457
25758705
19977815
25841341
25918626
10583863
25779207
24843196
6973460
26279120
25868330
20433139
26301662
10781952
26382888
26200627
3636405
6974521
25806660
26274910
4843641
10539139
5044650
5446249
25864173
26656553
11610693
6221409
10756728
6855849
10617749
26335743
24706750
10355621
10563119
4922850
24878198
4915147
20451336
6890750
24325927
26301735
21372183
25960739
4913222
10581450
26686170
25816182
25732548
5337532
5285685
24325767
11511025
5421797
25844581
24163542
5948595
20429112
26416155
4022010
25727236