2131459
1393472
1447000
1291561
1418019
3075070
1393471
1291560
4181031
2078804
3075092
1291583
1393470
3136375
6733294
4817020
2121871
4176665
1850674
2129039
3072124
4848115
1428581
1291936
1477916
1870128
1460341
2310047
1780256
1294132
1466114
1907966
1308807
1301753
1297359
1293318
1858711
1291585
1297052
5989818
1865703
1307315
11584019
6518638
1307897
1310179
1305605
1301777
2035594
1299227
2240587
1295529
1864784
1458035
5045678
3722566
3080904
1786569
3097520
2353023
4202302
6534248
1937946
10533913
1962116
1395091
1291565
1921583
2982823
1417728
1310177
1292347
1306982
2286133
25741398
1308807
1301753
1297359
1293318
1858711
1291585
1297052
5989818
1865703
1307315
11584019
6518638
1307897
1310179
1305605
1301777
2035594
1299227
2240587
1295529
1864784
1458035
5045678
3722566
3080904
1786569
3097520
2353023
4202302
6534248
1937946
10533913
1962116
1395091
1291565
1921583
2982823
1417728
1310177
1292347
1306982
2286133
25741398
1307508
1947265
1466085
25745564
1807990
1477924
2084510
1845698
2268727
4925418
11026735
1291579
7064681
1848925
1309156
11443810
1293863
1305791
1308366
1306255
1291989
5162334
1477317
1897794
1302814
2135039
2079862
3287562
2043546
1302476
1291588
1295428
1296636
1947288
1421884
2982823
1417728
1310177
1292347
1306982
2286133
25741398
1307508
1947265
1466085
25745564
1807990
1477924
2084510
1845698
2268727
4925418
11026735
1291579
7064681
1848925
1309156
11443810
1293863
1305791
1308366
1306255
1291989
5162334
1477317
1897794
1302814
2135039
2079862
3287562
2043546
1302476
1291588
1295428
1296636
1947288
1421884
1950233
3637220
3244444
1308450
2373347
1466022
3281175
2131787
1419970
1481913
3629189
1300694
1460443
1452487
1291578
3731581
1307811
1759386
10772258
1307394
1851906
24397586
3212221
10756537
3903715
1305817
1766769
1299701
1308510
26277313
4202982
2357162
1291838
1303907
25884416
1302770
2043546
1302476
1291588
1295428
1296636
1947288
1421884
1950233
3637220
3244444
1308450
2373347
1466022
3281175
2131787
1419970
1481913
3629189
1300694
1460443
1452487
1291578
3731581
1307811
1759386
10772258
1307394
1851906
24397586
3212221
10756537
3903715
1305817
1766769
1299701
1308510
26277313
4202982
2357162
1291838
1303907
25884416
1302770
1291569
1860582
6001038
1310178
6877520
1306179
2150085
1422888
1293457
2260798
2347138
1793491
1959877
3178770
1297131
1297995
1422063
1293120
1419901
1469984
1296538
1295148
3732505
1300075
1304981
1308236
5322572
1467778
2225432
1293240
1304558
1963605
1299122
1306554
5299155
26277313
4202982
2357162
1291838
1303907
25884416
1302770
1291569
1860582
6001038
1310178
6877520
1306179
2150085
1422888
1293457
2260798
2347138
1793491
1959877
3178770
1297131
1297995
1422063
1293120
1419901
1469984
1296538
1295148
3732505
1300075
1304981
1308236
5322572
1467778
2225432
1293240
1304558
1963605
1299122
1306554
5299155
1296344
4915857
1309060
1291586
4914468
1863766
20645098
1418640
11589036
6010171
1294461
1292757
1441863
24718965
1296684
5938000
1309010
6094941
1457127
1950821
1874704
3095504
4197219
1401603
1308006
3658905
3273874
1304204
2150083
1296369
1918087
1309034
4089685
2372004
6890326
5158834
2225432
1293240
1304558
1963605
1299122
1306554
5299155
1296344
4915857
1309060
1291586
4914468
1863766
20645098
1418640
11589036
6010171
1294461
1292757
1441863
24718965
1296684
5938000
1309010
6094941
1457127
1950821
1874704
3095504
4197219
1401603
1308006
3658905
3273874
1304204
2150083
1296369
1918087
1309034
4089685
2372004
6890326
5158834
1309002
3233635
3789848
25769362
1437342
1291575
1919245
3769423
1297756
1299513
1291587
1302661
24723061
2377539
23048775
1293098
1304603
1432436
11502154
1808049
4820775
1303657
5150481
1296109
4071781
2244584
5380183
3813936
24869399
2123610
1467923
2059819
3136240
1304985
1823218
1296369
1918087
1309034
4089685
2372004
6890326
5158834
1309002
3233635
3789848
25769362
1437342
1291575
1919245
3769423
1297756
1299513
1291587
1302661
24723061
2377539
23048775
1293098
1304603
1432436
11502154
1808049
4820775
1303657
5150481
1296109
4071781
2244584
5380183
3813936
24869399
2123610
1467923
2059819
3136240
1304985
1823218
1916631
3022891
1469497
3075937
2173221
1292593
1783457
4824512
1291581
1304970
1291574
1381964
1308858
3927734
1298204
1307547
1297110
26147706
3001149
11443807
1301887
1815504
4061047
3161007
1906391
21349175
1970713
1302022
3036469
1306408
2150082
1467779
1300863
3418557
1864763
10793195
24869399
2123610
1467923
2059819
3136240
1304985
1823218
1916631
3022891
1469497
3075937
2173221
1292593
1783457
4824512
1291581
1304970
1291574
1381964
1308858
3927734
1298204
1307547
1297110
26147706
3001149
11443807
1301887
1815504
4061047
3161007
1906391
21349175
1970713
1302022
3036469
1306408
2150082
1467779
1300863
3418557
1864763
10793195
1291577
3269068
2303163
6791750
2998253
1891211
4812830
1401604
4914656
2157295
1309112
3062897
1299800
1423031
1963131
3036477
1306513
26258872
3278841
1432616
1939759
2997293
1982481
1806005
1868725
10851129
26588820
2244580
3065307
1481107
26318596
2171058
1309201
1428878
11443314
1306408
2150082
1467779
1300863
3418557
1864763
10793195
1291577
3269068
2303163
6791750
2998253
1891211
4812830
1401604
4914656
2157295
1309112
3062897
1299800
1423031
1963131
3036477
1306513
26258872
3278841
1432616
1939759
2997293
1982481
1806005
1868725
10851129
26588820
2244580
3065307
1481107
26318596
2171058
1309201
1428878
11443314
1291573
3036478
1301757
1301342
21350559
1291576
1297666
1859845
1308281
25825320
1306873
1293426
1917777
1774132
1295306
1477724
3274073
2032845
1832143
2028669
2028585
1994876
1291582
5346468
20283482
1865943
3005387
1308983
1297317
1863770
3718457
2123782
2982853
3780045
4894072
25760447
3065307
1481107
26318596
2171058
1309201
1428878
11443314
1291573
3036478
1301757
1301342
21350559
1291576
1297666
1859845
1308281
25825320
1306873
1293426
1917777
1774132
1295306
1477724
3274073
2032845
1832143
2028669
2028585
1994876
1291582
5346468
20283482
1865943
3005387
1308983
1297317
1863770
3718457
2123782
2982853
3780045
4894072
25760447
6432898
1301538
2004554
26361257
1295368
1898129
1420048
1866901
1781023
2310158
3195086
3428545
1299097
3012060
6965624
2082025
1885042
1887312
1294833
1292973
1294766
2072478
21327493
1306785
1309011
1461351
1472238
23043659
26258752
1302145
1420044
1437544
3081561
2259337
1917780
1297317
1863770
3718457
2123782
2982853
3780045
4894072
25760447
6432898
1301538
2004554
26361257
1295368
1898129
1420048
1866901
1781023
2310158
3195086
3428545
1299097
3012060
6965624
2082025
1885042
1887312
1294833
1292973
1294766
2072478
21327493
1306785
1309011
1461351
1472238
23043659
26258752
1302145
1420044
1437544
3081561
2259337
1917780
3793109
1401602
1484790
25825755
1298377
1304201
1481108
1460846
3102668
3036473
11810348
1764796
1760027
3101548
2336783
3041281
1437339
3263814
11443316
1305394
2988294
3189911
1304543
6299910
1441644
25917236
3226855
26359269
2150438
1304494
2024968
3709592
2030733
11624706
2159331
26258752
1302145
1420044
1437544
3081561
2259337
1917780
3793109
1401602
1484790
25825755
1298377
1304201
1481108
1460846
3102668
3036473
11810348
1764796
1760027
3101548
2336783
3041281
1437339
3263814
11443316
1305394
2988294
3189911
1304543
6299910
1441644
25917236
3226855
26359269
2150438
1304494
2024968
3709592
2030733
11624706
2159331
2277018
1793912
1299643
1433673
10827341
4246125
1298694
2159676
7155241
1299256
20552089
3835489
1304007
3894510
19955769
1306875
1902832
4906428
5289186
1917778
6053679
1949005
6070226
3626364
11808948
2267372
1870681
2035642
26220731
1830941
1751547
1295829
1304722
1420038
1448784
3099086
2150438
1304494
2024968
3709592
2030733
11624706
2159331
2277018
1793912
1299643
1433673
10827341
4246125
1298694
2159676
7155241
1299256
20552089
3835489
1304007
3894510
19955769
1306875
1902832
4906428
5289186
1917778
6053679
1949005
6070226
3626364
11808948
2267372
1870681
2035642
26220731
1830941
1751547
1295829
1304722
1420038
1448784
3099086
1927216
5279589
1916616
4714448
4253424
1308757
1482107
1428178
7065417
2970087
6015756
1498825
1417084
6875863
3024983
3988857
2972134
10533890
1963512
26306980
19965296
2381879
1770038
4071762
25824819
1482079
2978752
1428068
25845910
1962112
1293816
1401600
3749172
3641137
5975341
1830941
1751547
1295829
1304722
1420038
1448784
3099086
1927216
5279589
1916616
4714448
4253424
1308757
1482107
1428178
7065417
2970087
6015756
1498825
1417084
6875863
3024983
3988857
2972134
10533890
1963512
26306980
19965296
2381879
1770038
4071762
25824819
1482079
2978752
1428068
25845910
1962112
1293816
1401600
3749172
3641137
5975341
26599752
11516686
4924694
1300659
2028650
3071461
4082101
3007780
3718709
1307221
4813493
3074533
25760247
2301359
1578715
6001034
1940491
3010517
6877725
1917074
3893805
6721670
1899601
1309049
1308672
1304602
2042279
26087473
3011581
6436787
1481233
24284209
3258799
1292919
1422970
2335309
25845910
1962112
1293816
1401600
3749172
3641137
5975341
26599752
11516686
4924694
1300659
2028650
3071461
4082101
3007780
3718709
1307221
4813493
3074533
25760247
2301359
1578715
6001034
1940491
3010517
6877725
1917074
3893805
6721670
1899601
1309049
1308672
1304602
2042279
26087473
3011581
6436787
1481233
24284209
3258799
1292919
1422970
2335309
1309035
1972721
7162552
1764842
3262111
24827612
1401601
1305708
3012071
5045680
1419661
19962596
1449894
2130046
1308794
6129642
3276017
1792917
4902100
3927791
3654346
1925058
3681613
1997938
4264700
3594463
25802211
5967755
6800911
3012010
2992829
10540210
6870493
5284554
1395445
6436787
1481233
24284209
3258799
1292919
1422970
2335309
1309035
1972721
7162552
1764842
3262111
24827612
1401601
1305708
3012071
5045680
1419661
19962596
1449894
2130046
1308794
6129642
3276017
1792917
4902100
3927791
3654346
1925058
3681613
1997938
4264700
3594463
25802211
5967755
6800911
3012010
2992829
10540210
6870493
5284554
1395445
1981645
4706257
5152678
10746436
26330955
3264009
4905028
26306997
25942186
20416699
25805054
3356338
24753811
3026555
4915854
25815577
5952590
1439204
1401534
2255890
3907275
1774354
1418187
5364978
1827027
1305779
3389576
2973495
3667948
2131676
1468154
1482505
1981642
21340202
3233636
3554781
6800911
3012010
2992829
10540210
6870493
5284554
1395445
1981645
4706257
5152678
10746436
26330955
3264009
4905028
26306997
25942186
20416699
25805054
3356338
24753811
3026555
4915854
25815577
5952590
1439204
1401534
2255890
3907275
1774354
1418187
5364978
1827027
1305779
3389576
2973495
3667948
2131676
1468154
1482505
1981642
21340202
3233636
3554781
21339343
24258766
2995721
2132316
5150851
2090440
20278174
1849905
3047989
5154496
3290532
1918601
1939774
5337555
3792787
1308835
25787993
2024969
24744346
3011984
5318761
10511636
5153144
1295782
21362716
25980500
22049595
10738133
3070889
1877111
3927761
25818881
26373522
6779236
26417423
2131676
1468154
1482505
1981642
21340202
3233636
3554781
21339343
24258766
2995721
2132316
5150851
2090440
20278174
1849905
3047989
5154496
3290532
1918601
1939774
5337555
3792787
1308835
25787993
2024969
24744346
3011984
5318761
10511636
5153144
1295782
21362716
25980500
22049595
10738133
3070889
1877111
3927761
25818881
26373522
6779236
26417423
20443571
1925059
20278200
25778983
25820603
3103708
25832758
4324445
25858762
26148846
6389522
6527291
26302912
3387715
26423179
7056398
10460130
25837230
25804697
26348959
7057975
25927387
4154632
20277285
21943062
26331608
1959117
3742094
4166487
26593244
26220735
5384872
20411172
24522852
25903047
23249761
3070889
1877111
3927761
25818881
26373522
6779236
26417423
20443571
1925059
20278200
25778983
25820603
3103708
25832758
4324445
25858762
26148846
6389522
6527291
26302912
3387715
26423179
7056398
10460130
25837230
25804697
26348959
7057975
25927387
4154632
20277285
21943062
26331608
1959117
3742094
4166487
26593244
26220735
5384872
20411172
24522852
25903047
23249761
1795037
25895278
4603376
25966045
24751765
25845586
24325876
25820625
3811388
25804446
10799213
25884865
26358025
26597953
25918626
26379074
4913184
26322813
6078953
24325765
25960739
5161713
10581450
24325767
26365745
24857845
25745849
25844581
21323597
26416155
10757012