1291546
3154003
1292679
1303037
1303535
2286133
1301926
10463953
1793929
1293145
1421278
1293456
1946786
2334000
1418834
10757577
1773216
1306454
1417428
3275168
1294136
19973780
2238297
3113588
1308575
2365260
10535568
2336737
6776051
25740192
4270672
20256636
3607877
5156574
1866433
25757182
1303376
1291878
20441632
1292449
1300912
1300426
1292345
1308965
1794073
1299879
1820109
1401888
1292792
1297233
1300528
1304648
4946963
3113588
1308575
2365260
10535568
2336737
6776051
25740192
4270672
20256636
3607877
5156574
1866433
25757182
1303376
1291878
20441632
1292449
1300912
1300426
1292345
1308965
1794073
1299879
1820109
1401888
1292792
1297233
1300528
1304648
4946963
3243344
2971730
1436768
1301723
1456503
6873747
1300951
1449471
1300323
1308092
2338019
6024430
1871817
1308890
25837574
1810519
10773181
1294547
1292485
1297226
20521014
1437326
3292058
3670997
1308076
1292792
1297233
1300528
1304648
4946963
3243344
2971730
1436768
1301723
1456503
6873747
1300951
1449471
1300323
1308092
2338019
6024430
1871817
1308890
25837574
1810519
10773181
1294547
1292485
1297226
20521014
1437326
3292058
3670997
1308076
2361823
1306465
1304613
25823035
1482297
3055450
1298370
1298771
2062967
1301877
1299566
1766363
1309095
1778500
3690289
1302054
4109909
1309210
1422957
1297147
24706561
20452272
1820098
23566157
1419446
20521014
1437326
3292058
3670997
1308076
2361823
1306465
1304613
25823035
1482297
3055450
1298370
1298771
2062967
1301877
1299566
1766363
1309095
1778500
3690289
1302054
4109909
1309210
1422957
1297147
24706561
20452272
1820098
23566157
1419446
1394064
2004813
1994576
25767853
1434239
1867066
24849708
26279353
1300331
3284877
1856673
1477290
1300029
1307649
3144512
1296370
1293643
1308660
10439879
1293372
1298930
1863384
10749985
3017929
3637237
24706561
20452272
1820098
23566157
1419446
1394064
2004813
1994576
25767853
1434239
1867066
24849708
26279353
1300331
3284877
1856673
1477290
1300029
1307649
3144512
1296370
1293643
1308660
10439879
1293372
1298930
1863384
10749985
3017929
3637237
3349190
1296049
1414808
1308823
1297564
6974569
24383276
2074616
5965762
5500707
5360033
1292331
4728076
1431648
3439354
4267948
10430826
1302926
1305986
4881217
3285295
25965348
2118252
5154951
4147107
1298930
1863384
10749985
3017929
3637237
3349190
1296049
1414808
1308823
1297564
6974569
24383276
2074616
5965762
5500707
5360033
1292331
4728076
1431648
3439354
4267948
10430826
1302926
1305986
4881217
3285295
25965348
2118252
5154951
4147107
1306072
6048838
1303273
3376951
1306451
1441966
1293483
6890858
1303473
3242341
1303035
6829652
1304708
3569969
4904026
1473297
3263169
2375763
25755608
20515394
1301853
1306367
1369831
1306536
1303456
3285295
25965348
2118252
5154951
4147107
1306072
6048838
1303273
3376951
1306451
1441966
1293483
6890858
1303473
3242341
1303035
6829652
1304708
3569969
4904026
1473297
3263169
2375763
25755608
20515394
1301853
1306367
1369831
1306536
1303456
3287776
2300091
19984570
10553118
1766925
26036657
5450158
25691367
1849933
1303117
6116568
1920258
1306317
3418187
3629232
10453731
4712730
3578756
3210534
1917323
1867389
26275494
1307125
2146439
1297287
1301853
1306367
1369831
1306536
1303456
3287776
2300091
19984570
10553118
1766925
26036657
5450158
25691367
1849933
1303117
6116568
1920258
1306317
3418187
3629232
10453731
4712730
3578756
3210534
1917323
1867389
26275494
1307125
2146439
1297287
10543625
10769695
1366856
21361009
1306519
1301159
5046049
1308114
3534425
24722295
1401212
1859781
26317346
1420087
26228762
24816248
1294588
3431336
2055699
1307404
21339377
5154197
3987536
3285180
1302391
1867389
26275494
1307125
2146439
1297287
10543625
10769695
1366856
21361009
1306519
1301159
5046049
1308114
3534425
24722295
1401212
1859781
26317346
1420087
26228762
24816248
1294588
3431336
2055699
1307404
21339377
5154197
3987536
3285180
1302391
1301716
4903990
3782817
1303731
1293808
20645052
1296660
4723039
1307350
21331056
1876225
1307185
1300856
2296206
10617186
3236350
1875441
1485789
5150819
1914831
4709671
1309013
20440456
3781860
21339377
5154197
3987536
3285180
1302391
1301716
4903990
3782817
1303731
1293808
20645052
1296660
4723039
1307350
21331056
1876225
1307185
1300856
2296206
10617186
3236350
1875441
1485789
5150819
1914831
4709671
1309013
20440456
3781860
2310051
1962319
1762834
3073117
6307506
24312921
1828002
1298609
6835098
1963443
2979860
3757154
26276387
1389938
1890813
1306453
5040974
1960192
25870091
23168725
1476959
1306589
4145476
4217426
3158429
4709671
1309013
20440456
3781860
2310051
1962319
1762834
3073117
6307506
24312921
1828002
1298609
6835098
1963443
2979860
3757154
26276387
1389938
1890813
1306453
5040974
1960192
25870091
23168725
1476959
1306589
4145476
4217426
3158429
26306656
6116512
21370611
4219668
6523520
5153481
11026347
1306452
6789432
1298850
1866431
5150888
2084525
4038231
20426247
11600264
1303234
25862324
2081098
1949320
4172525
3285647
1394469
10605440
3095684
1476959
1306589
4145476
4217426
3158429
26306656
6116512
21370611
4219668
6523520
5153481
11026347
1306452
6789432
1298850
1866431
5150888
2084525
4038231
20426247
11600264
1303234
25862324
2081098
1949320
4172525
3285647
1394469
10605440
3095684
1308501
1303898
25920098
3337924
1297513
3153991
1309176
1941197
3196851
10800160
10526879
1308673
25698256
2993846
5955975
1304567
5316733
3075901
1777619
1293970
1449359
2333435
25757780
1298977
25761564
4172525
3285647
1394469
10605440
3095684
1308501
1303898
25920098
3337924
1297513
3153991
1309176
1941197
3196851
10800160
10526879
1308673
25698256
2993846
5955975
1304567
5316733
3075901
1777619
1293970
1449359
2333435
25757780
1298977
25761564
2031310
25814628
11584264
1477273
10606012
22994673
6116516
1466394
1292339
2212281
3195759
2336387
3217150
1795628
6896277
1434218
1307770
1437684
1308674
5973058
1306455
4888575
2223270
19977802
5397782
1449359
2333435
25757780
1298977
25761564
2031310
25814628
11584264
1477273
10606012
22994673
6116516
1466394
1292339
2212281
3195759
2336387
3217150
1795628
6896277
1434218
1307770
1437684
1308674
5973058
1306455
4888575
2223270
19977802
5397782
1416896
24700079
1938082
1437097
24751805
24744458
2063533
1306792
1316559
5156523
3055413
10590764
2173889
1441763
3285651
25875209
1962819
1306791
1917328
24294757
5041048
3771564
25889086
1421057
3339949
1306455
4888575
2223270
19977802
5397782
1416896
24700079
1938082
1437097
24751805
24744458
2063533
1306792
1316559
5156523
3055413
10590764
2173889
1441763
3285651
25875209
1962819
1306791
1917328
24294757
5041048
3771564
25889086
1421057
3339949
3233622
1427298
6810711
1304609
3148068
21370624
3864367
3217125
2973798
1422996
20396620
6721953
6118294
5421128
1304471
5385557
5999378
3175667
1395354
2148243
2969019
24717053
4005199
25967447
1456934
5041048
3771564
25889086
1421057
3339949
3233622
1427298
6810711
1304609
3148068
21370624
3864367
3217125
2973798
1422996
20396620
6721953
6118294
5421128
1304471
5385557
5999378
3175667
1395354
2148243
2969019
24717053
4005199
25967447
1456934
20413630
6847817
25844485
3105591
4928739
25791899
4604803
6965615
25816274
10864713
1440888
24756472
1941367
1304853
1465131
2324009
25755250
10777427
1465130
10766475
1765127
1308803
3564327
2343666
4088942
2969019
24717053
4005199
25967447
1456934
20413630
6847817
25844485
3105591
4928739
25791899
4604803
6965615
25816274
10864713
1440888
24756472
1941367
1304853
1465131
2324009
25755250
10777427
1465130
10766475
1765127
1308803
3564327
2343666
4088942
24743763
6524282
3239988
3445524
26344589
26304904
3708001
11626783
1308040
2297254
24748823
6810709
20516903
1918347
25862591
4294044
11628221
10485685
25886238
3130180
1874220
2333710
6536293
1305347
6967878
1765127
1308803
3564327
2343666
4088942
24743763
6524282
3239988
3445524
26344589
26304904
3708001
11626783
1308040
2297254
24748823
6810709
20516903
1918347
25862591
4294044
11628221
10485685
25886238
3130180
1874220
2333710
6536293
1305347
6967878
1307622
21263601
5347114
1306786
10792599
5153402
10508920
6524283
25762252
6753102
1938312
2381835
2361519
25832822
25875037
10487576
10851151
10528835
25765830
19957505
10481448
3102987
6891909
4889564
4255184
1874220
2333710
6536293
1305347
6967878
1307622
21263601
5347114
1306786
10792599
5153402
10508920
6524283
25762252
6753102
1938312
2381835
2361519
25832822
25875037
10487576
10851151
10528835
25765830
19957505
10481448
3102987
6891909
4889564
4255184
26313520
5392099
26429878
3868279
10945675
21359360
5268693
6725030
4275580
2344873
10569020
1872271
25927433
10441070
24719177
4323701
1432010
20507027
5989846
6430830
5940812
3993603