1401118
1301026
1297379
1293764
1298817
1295865
3742360
1295586
1297602
1292516
2352063
6307447
25787888
1293394
1296636
1295586
1297602
1292516
2352063
6307447
25787888
1293394
1296636
1293566
1296963
1302522
1298521
1298497
1292565
1296666
1296636
1293566
1296963
1302522
1298521
1298497
1292565
1296666
1303462
3804891
5327268
1297769
1298134
1295134
1298289
1296666
1303462
3804891
5327268
1297769
1298134
1295134
1298289
2081204
2223848
3626372
1291866
1300306
1401904
1418157
1295134
1298289
2081204
2223848
3626372
1291866
1300306
1401904
1418157
1300027
1301428
1793904
1304934
1296467
1292944
1296962
1401904
1418157
1300027
1301428
1793904
1304934
1296467
1292944
1296962
1443587
1303575
1299733
3451746
1757927
1293600
1292944
1296962
1443587
1303575
1299733
3451746
1757927
1293600
2998253
1292701
1441778
1305964
1293178
1418631
2971928
1293600
2998253
1292701
1441778
1305964
1293178
1418631
2971928
1293324
1292668
1963163
1293380
1305051
1308118
1296998
2971928
1293324
1292668
1963163
1293380
1305051
1308118
1296998
1294076
1293867
1578674
1293916
1304404
1293225
1293303
1296998
1294076
1293867
1578674
1293916
1304404
1293225
1293303
1303373
5153904
1293950
1294860
1307678
1482099
25731554
1293303
1303373
5153904
1293950
1294860
1307678
1482099
25731554
1294962
1295549
1297907
1304028
3025809
3557399
1292507
25731554
1294962
1295549
1297907
1304028
3025809
3557399
1292507
1293653
1292767
1937132
1300508
1300116
3024838
1305613
1292507
1293653
1292767
1937132
1300508
1300116
3024838
1305613
20393686
1308683
1295928
1309042
2037910
11524580
1485411
1305613
20393686
1308683
1295928
1309042
2037910
11524580
1485411
1294041
1293055
1915096
24304229
1294440
1308737
21334420
11524580
1485411
1294041
1293055
1915096
24304229
1294440
1308737
21334420
1292843
1304206
1293364
2041876
1467023
1308794
3081217
1308737
21334420
1292843
1304206
1293364
2041876
1467023
1308794
3081217
1292858
1295773
22522269
1304834
22254890
1307309
1308794
3081217
1292858
1295773
22522269
1304834
22254890
1307309
1307675
1297866
1293312
4067195
1797875
1304493
4078562
1307309
1307675
1297866
1293312
4067195
1797875
1304493
4078562
4082544
1293379
2016214
2210143
26312844
2156381
10508901
4078562
4082544
1293379
2016214
2210143
26312844
2156381
10508901
2132924
2998456
26612595
3239906
2042932
2006150