1291831
1305995
1889243
21937452
1303021
1299361
1291568
1293270
1793200
1422091
1769053
2173840
1292365
1925081
1303637
1294998
1757945
1510359
1849031
1294408
1291818
1306861
3217169
2363506
1298817
1308173
3041533
1301753
1297630
1295865
1292434
2222996
1463224
1308162
1300572
1293767
1308074
1308228
1292642
1401842
1293266
1300352
1294704
1306075
2353023
1291545
10533913
10777687
5964718
1303037
3041749
1292055
1301169
1417728
1855131
5996409
1294433
1294366
1304406
1307265
3008143
1441399
1295053
1297549
3792799
3157605
1301617
3732800
25895901
6538833
1418519
1293753
1299900
25724855
2000741
1407149
1418834
6019180
2209575
6985803
4230918
1300685
1306439
6080840
3181788
1308191
1316565
1401843
1296610
1770064
3195098
1295211
1303287
1304999
1306291
25798222
1292062
1759386
3552028
10537853
1292718
1307766
1432972
3707070
5364952
1293718
19973780
10533913
10777687
5964718
1303037
3041749
1292055
1301169
1417728
1855131
5996409
1294433
1294366
1304406
1307265
3008143
1441399
1295053
1297549
3792799
3157605
1301617
3732800
25895901
6538833
1418519
1293753
1299900
25724855
2000741
1407149
1418834
6019180
2209575
6985803
4230918
1300685
1306439
6080840
3181788
1308191
1316565
1401843
1296610
1770064
3195098
1295211
1303287
1304999
1306291
25798222
1292062
1759386
3552028
10537853
1292718
1307766
1432972
3707070
5364952
1293718
19973780
3299241
1292737
1857175
1302133
3105588
3113588
1300860
1464349
1307417
1296235
1789047
5153322
1498629
1300858
1292932
5924366
2365260
1297102
1294183
3011049
1306939
10571509
25884416
3805953
25855951
10467774
10876425
1296218
1858876
6001038
1306634
1851683
1302063
1297819
1421673
1296834
1292658
1438039
1308503
1296264
3004512
1307425
1301310
25757182
4144511
1298670
1308406
1301913
2131773
10581620
1292963
1759386
3552028
10537853
1292718
1307766
1432972
3707070
5364952
1293718
19973780
3299241
1292737
1857175
1302133
3105588
3113588
1300860
1464349
1307417
1296235
1789047
5153322
1498629
1300858
1292932
5924366
2365260
1297102
1294183
3011049
1306939
10571509
25884416
3805953
25855951
10467774
10876425
1296218
1858876
6001038
1306634
1851683
1302063
1297819
1421673
1296834
1292658
1438039
1308503
1296264
3004512
1307425
1301310
25757182
4144511
1298670
1308406
1301913
2131773
10581620
1292963
1296491
1777612
1303485
21937450
25745651
20389706
4168733
11599147
1428239
1293322
1306183
1304558
1294209
1294477
1298704
1306848
3769466
1464345
2212633
1308642
1946064
3824672
4915857
1291586
1301886
3071517
1456503
1308127
1293341
1309010
6094941
1950821
3004931
25817712
1293094
1293219
3097439
1300787
1788622
3011414
1401603
5154001
1761478
1309034
1980405
6890326
1307403
1296455
1300028
1309002
2084288
1307425
1301310
25757182
4144511
1298670
1308406
1301913
2131773
10581620
1292963
1296491
1777612
1303485
21937450
25745651
20389706
4168733
11599147
1428239
1293322
1306183
1304558
1294209
1294477
1298704
1306848
3769466
1464345
2212633
1308642
1946064
3824672
4915857
1291586
1301886
3071517
1456503
1308127
1293341
1309010
6094941
1950821
3004931
25817712
1293094
1293219
3097439
1300787
1788622
3011414
1401603
5154001
1761478
1309034
1980405
6890326
1307403
1296455
1300028
1309002
2084288
3278265
25957570
1301960
1472046
1960185
1850003
1293088
1291575
1919245
1300064
3769423
1297756
1299513
5968334
1291587
25867546
2139766
1302661
1306031
1304603
1298522
1292765
2170916
1418677
3121610
1796778
4196245
1303657
1296109
1437909
1449646
1292340
1432670
1467923
2059819
1304985
1823218
1292593
2150780
1294652
3200984
1856884
1296844
25881067
1864339
3002683
3345194
2019216
1309101
1291581
1294990
5154001
1761478
1309034
1980405
6890326
1307403
1296455
1300028
1309002
2084288
3278265
25957570
1301960
1472046
1960185
1850003
1293088
1291575
1919245
1300064
3769423
1297756
1299513
5968334
1291587
25867546
2139766
1302661
1306031
1304603
1298522
1292765
2170916
1418677
3121610
1796778
4196245
1303657
1296109
1437909
1449646
1292340
1432670
1467923
2059819
1304985
1823218
1292593
2150780
1294652
3200984
1856884
1296844
25881067
1864339
3002683
3345194
2019216
1309101
1291581
1294990
1291574
25890005
1457218
2056093
1294948
1298204
1418194
1307547
1297110
4307349
24324730
1300930
2131399
4724586
1306524
1301887
3161007
6745433
1970713
1296993
1302022
3036469
1293648
1306408
3818585
1306929
3080192
1951220
1303936
1309141
10575206
1296148
1306952
1300863
1422999
1306385
2213632
6000330
25716096
1296061
1864763
1298432
1794547
1293600
1300506
3281360
1401887
3094909
2998253
10576419
3200984
1856884
1296844
25881067
1864339
3002683
3345194
2019216
1309101
1291581
1294990
1291574
25890005
1457218
2056093
1294948
1298204
1418194
1307547
1297110
4307349
24324730
1300930
2131399
4724586
1306524
1301887
3161007
6745433
1970713
1296993
1302022
3036469
1293648
1306408
3818585
1306929
3080192
1951220
1303936
1309141
10575206
1296148
1306952
1300863
1422999
1306385
2213632
6000330
25716096
1296061
1864763
1298432
1794547
1293600
1300506
3281360
1401887
3094909
2998253
10576419
1829654
3578925
1309004
1860745
1308831
3819871
4109909
1401604
4914656
10833919
25140779
5380919
1432509
25919385
11537964
1423031
3036477
26258872
1962807
1432616
1293209
1820098
1939759
4088855
1292907
26279353
1438021
1304459
1299003
1304159
1780342
1461181
1300489
1308286
1306441
1473923
1925384
7054838
1309201
1765009
1428878
1293353
2974278
1291573
3036478
1301757
3078514
1968438
1301342
1291576
1295490
1864763
1298432
1794547
1293600
1300506
3281360
1401887
3094909
2998253
10576419
1829654
3578925
1309004
1860745
1308831
3819871
4109909
1401604
4914656
10833919
25140779
5380919
1432509
25919385
11537964
1423031
3036477
26258872
1962807
1432616
1293209
1820098
1939759
4088855
1292907
26279353
1438021
1304459
1299003
1304159
1780342
1461181
1300489
1308286
1306441
1473923
1925384
7054838
1309201
1765009
1428878
1293353
2974278
1291573
3036478
1301757
3078514
1968438
1301342
1291576
1295490
1864990
1433417
1295006
3036564
1297666
1437377
3091572
1859845
2971742
1308281
3195060
1293387
1431690
1415573
1892525
4284085
3017929
11523496
1941581
1306873
1293426
1917777
1298273
1308698
1774132
1433408
1477724
1293444
1297453
1293831
1856886
3274073
1302918
1297022
1308118
1832143
1307429
1299555
6424135
1307501
5500707
2037953
1295445
1308776
2998373
1474185
1994876
1291582
1867335
3012032
1296897
1293353
2974278
1291573
3036478
1301757
3078514
1968438
1301342
1291576
1295490
1864990
1433417
1295006
3036564
1297666
1437377
3091572
1859845
2971742
1308281
3195060
1293387
1431690
1415573
1892525
4284085
3017929
11523496
1941581
1306873
1293426
1917777
1298273
1308698
1774132
1433408
1477724
1293444
1297453
1293831
1856886
3274073
1302918
1297022
1308118
1832143
1307429
1299555
6424135
1307501
5500707
2037953
1295445
1308776
2998373
1474185
1994876
1291582
1867335
3012032
1296897
3097445
1297317
1863770
4241887
3006327
10745399
1987561
25820655
1949376
1301538
1309154
1295368
2118252
1898129
4147107
1420048
1781023
2310158
1294388
1308997
1979066
1304889
1578674
1304863
1294773
1294070
3012060
1427317
2265740
6965624
2082025
1308346
2043263
1301433
1295939
6126453
1305065
1294833
1295242
1292973
1294766
1295340
3071509
4832825
1306785
3569969
4904026
1308979
1297187
2134285
1428378
2037953
1295445
1308776
2998373
1474185
1994876
1291582
1867335
3012032
1296897
3097445
1297317
1863770
4241887
3006327
10745399
1987561
25820655
1949376
1301538
1309154
1295368
2118252
1898129
4147107
1420048
1781023
2310158
1294388
1308997
1979066
1304889
1578674
1304863
1294773
1294070
3012060
1427317
2265740
6965624
2082025
1308346
2043263
1301433
1295939
6126453
1305065
1294833
1295242
1292973
1294766
1295340
3071509
4832825
1306785
3569969
4904026
1308979
1297187
2134285
1428378
1856436
2137060
1308738
4705044
26258752
3114117
3101734
10558850
1422040
1302724
1420044
1307540
1293215
3403766
1304671
1309129
2259337
1849036
1917780
1299207
1401602
5951337
1914852
1308432
1304201
1460846
1293850
7015586
1301513
6874154
1920258
3596502
3102668
3036473
1760104
1760027
1307955
1419933
2139553
3418187
1428877
1316513
3671986
1437339
1302355
1305456
1302927
7155005
1783774
4304212
1295283
1295340
3071509
4832825
1306785
3569969
4904026
1308979
1297187
2134285
1428378
1856436
2137060
1308738
4705044
26258752
3114117
3101734
10558850
1422040
1302724
1420044
1307540
1293215
3403766
1304671
1309129
2259337
1849036
1917780
1299207
1401602
5951337
1914852
1308432
1304201
1460846
1293850
7015586
1301513
6874154
1920258
3596502
3102668
3036473
1760104
1760027
1307955
1419933
2139553
3418187
1428877
1316513
3671986
1437339
1302355
1305456
1302927
7155005
1783774
4304212
1295283
1305394
2980581
5985887
2135984
2136477
1306212
3189911
1292598
1304543
1304614
1307130
1306045
1304269
1872161
3226855
1304247
10553750
3538072
1304150
3709592
1493662
3154825
1292477
23137386
2042560
1293724
1308747
2159331
1793912
1293135
3626365
2215609
4215790
3602084
1433673
3641108
3610676
1305703
3009079
25800837
1299256
1304522
25834457
3987536
2124454
3835489
1308975
1298584
2133429
1297202
1428877
1316513
3671986
1437339
1302355
1305456
1302927
7155005
1783774
4304212
1295283
1305394
2980581
5985887
2135984
2136477
1306212
3189911
1292598
1304543
1304614
1307130
1306045
1304269
1872161
3226855
1304247
10553750
3538072
1304150
3709592
1493662
3154825
1292477
23137386
2042560
1293724
1308747
2159331
1793912
1293135
3626365
2215609
4215790
3602084
1433673
3641108
3610676
1305703
3009079
25800837
1299256
1304522
25834457
3987536
2124454
3835489
1308975
1298584
2133429
1297202
6539431
2044081
5160831
1306875
1902832
5289186
1419211
1861154
2159243
5997849
6875591
1306604
1917778
5273313
1485789
4036413
1301656
1807600
1464592
1304329
1301223
2367125
1306613
3011615
1760633
3600774
1986338
1578685
1949005
3005496
2155676
3626364
11540651
2267372
3660508
1870681
1305010
1309013
1588704
2062944
6307506
26220731
1949377
11594901
1295829
1420038
6835098
24870630
1458202
2979860
1304289
1299256
1304522
25834457
3987536
2124454
3835489
1308975
1298584
2133429
1297202
6539431
2044081
5160831
1306875
1902832
5289186
1419211
1861154
2159243
5997849
6875591
1306604
1917778
5273313
1485789
4036413
1301656
1807600
1464592
1304329
1301223
2367125
1306613
3011615
1760633
3600774
1986338
1578685
1949005
3005496
2155676
3626364
11540651
2267372
3660508
1870681
1305010
1309013
1588704
2062944
6307506
26220731
1949377
11594901
1295829
1420038
6835098
24870630
1458202
2979860
1304289
4915055
5279589
1916616
1389938
4714448
1303737
1304393
20458725
1308676
1835843
1309052
1892531
1971111
3003836
1302795
1482107
1428178
2998439
1307371
1309178
4075568
1498825
6875863
1293117
10564052
26306656
2972134
1946885
1963512
1304518
3305733
1299859
1293451
2381879
1770038
5150888
1293654
1948397
4071762
3008666
2027775
6968180
1292901
1292730
3650097
25718082
1306802
1482079
1948937
1309038
25747028
26220731
1949377
11594901
1295829
1420038
6835098
24870630
1458202
2979860
1304289
4915055
5279589
1916616
1389938
4714448
1303737
1304393
20458725
1308676
1835843
1309052
1892531
1971111
3003836
1302795
1482107
1428178
2998439
1307371
1309178
4075568
1498825
6875863
1293117
10564052
26306656
2972134
1946885
1963512
1304518
3305733
1299859
1293451
2381879
1770038
5150888
1293654
1948397
4071762
3008666
2027775
6968180
1292901
1292730
3650097
25718082
1306802
1482079
1948937
1309038
25747028
1783461
1305902
1308367
1428068
1301167
1482495
1293816
4900088
1300130
1401600
1295903
10480963
10605440
1299984
3641137
1485962
1293875
6097353
1296890
3003829
1299440
1307326
3158902
1800766
1308753
2267369
1299374
2336735
1300659
2028650
1308991
3071461
3007780
3718709
2133466
1297280
3007070
1482086
3282392
3233745
1295432
1298692
2939428
10594927
1305142
2301359
1292948
25761564
1304133
2270501
1294675
6968180
1292901
1292730
3650097
25718082
1306802
1482079
1948937
1309038
25747028
1783461
1305902
1308367
1428068
1301167
1482495
1293816
4900088
1300130
1401600
1295903
10480963
10605440
1299984
3641137
1485962
1293875
6097353
1296890
3003829
1299440
1307326
3158902
1800766
1308753
2267369
1299374
2336735
1300659
2028650
1308991
3071461
3007780
3718709
2133466
1297280
3007070
1482086
3282392
3233745
1295432
1298692
2939428
10594927
1305142
2301359
1292948
25761564
1304133
2270501
1294675
2992735
2335100
1293437
25940531
1300074
1292495
10441578
1917707
2969577
1791723
1585236
1917074
1308764
1727557
3893805
2129042
1298297
1899601
1309049
1427319
1422925
2042279
1298291
3011581
3014200
1768993
3114111
1944903
1983125
1293476
25722262
1481233
10739401
1307576
2060171
2160018
1299415
1304767
24757324
1306443
1292919
24751826
1296275
1293895
5152503
1479860
2365061
25670379
1307220
1930944
24751805
1298692
2939428
10594927
1305142
2301359
1292948
25761564
1304133
2270501
1294675
2992735
2335100
1293437
25940531
1300074
1292495
10441578
1917707
2969577
1791723
1585236
1917074
1308764
1727557
3893805
2129042
1298297
1899601
1309049
1427319
1422925
2042279
1298291
3011581
3014200
1768993
3114111
1944903
1983125
1293476
25722262
1481233
10739401
1307576
2060171
2160018
1299415
1304767
24757324
1306443
1292919
24751826
1296275
1293895
5152503
1479860
2365061
25670379
1307220
1930944
24751805
2037833
1866424
1305071
1309035
1300926
1309057
10428476
1946607
1764842
3592845
3072067
1401601
1420094
2133313
2037961
1304880
1449894
1308794
1298939
6129642
1304348
3276017
1308900
1482081
10439889
20561487
3443397
25746377
1304038
1867332
1370276
4902100
3927791
3654346
1997938
1793913
1522327
6855108
3152592
6800911
3898722
3012010
1308670
1835038
1309186
1482671
5999378
2131291
10831449
1580620
1292919
24751826
1296275
1293895
5152503
1479860
2365061
25670379
1307220
1930944
24751805
2037833
1866424
1305071
1309035
1300926
1309057
10428476
1946607
1764842
3592845
3072067
1401601
1420094
2133313
2037961
1304880
1449894
1308794
1298939
6129642
1304348
3276017
1308900
1482081
10439889
20561487
3443397
25746377
1304038
1867332
1370276
4902100
3927791
3654346
1997938
1793913
1522327
6855108
3152592
6800911
3898722
3012010
1308670
1835038
1309186
1482671
5999378
2131291
10831449
1580620
2059225
1419939
3096161
2042973
1395445
3213270
1981645
4706257
19962587
1929441
3007297
10807892
2061828
5327474
1930542
1301788
4022126
3264009
1292983
20416699
1421885
1905459
1892545
3007808
1302097
25773175
1914930
1298235
1301942
3074503
1585146
6759229
24753811
3026555
1958063
26425088
6873740
1432774
1962057
1308801
1439204
1401534
11588728
1308996
1309190
1418120
1939903
3445526
1941242
1418187
3101989
3898722
3012010
1308670
1835038
1309186
1482671
5999378
2131291
10831449
1580620
2059225
1419939
3096161
2042973
1395445
3213270
1981645
4706257
19962587
1929441
3007297
10807892
2061828
5327474
1930542
1301788
4022126
3264009
1292983
20416699
1421885
1905459
1892545
3007808
1302097
25773175
1914930
1298235
1301942
3074503
1585146
6759229
24753811
3026555
1958063
26425088
6873740
1432774
1962057
1308801
1439204
1401534
11588728
1308996
1309190
1418120
1939903
3445526
1941242
1418187
3101989
3012819
1302344
3055049
3899297
1293690
3011460
1309182
5413771
4892634
2223337
1305779
1773127
1982087
2065444
1401532
2224990
3667948
3111695
2080838
20284838
4767569
3011019
1308891
1308951
1961963
25785314
3606973
2037958
1308247
3233636
1297604
24913189
2995721
3002806
2132316
1308780
5151374
1961866
25767565
3032360
3757268
21340775
23766546
3086852
10580637
3179758
1422913
1308836
1939761
1304554
6875991
1401534
11588728
1308996
1309190
1418120
1939903
3445526
1941242
1418187
3101989
3012819
1302344
3055049
3899297
1293690
3011460
1309182
5413771
4892634
2223337
1305779
1773127
1982087
2065444
1401532
2224990
3667948
3111695
2080838
20284838
4767569
3011019
1308891
1308951
1961963
25785314
3606973
2037958
1308247
3233636
1297604
24913189
2995721
3002806
2132316
1308780
5151374
1961866
25767565
3032360
3757268
21340775
23766546
3086852
10580637
3179758
1422913
1308836
1939761
1304554
6875991
1761520
3326759
2090440
1307644
3562807
3252202
1309150
2043014
25932073
1295325
1928187
1306311
19976202
1296411
1849003
1960298
2302386
2972591
3211468
3072149
3578715
1918601
1939774
2993982
1578627
24529254
1309193
3269019
2044201
1482083
2024969
4849735
1810604
3011984
1757164
3566549
5153525
1305484
21362716
1308585
10573438
19962568
1472229
1307662
1907838
3927761
1296820
10442345
1308937
10805485
3590928
21340775
23766546
3086852
10580637
3179758
1422913
1308836
1939761
1304554
6875991
1761520
3326759
2090440
1307644
3562807
3252202
1309150
2043014
25932073
1295325
1928187
1306311
19976202
1296411
1849003
1960298
2302386
2972591
3211468
3072149
3578715
1918601
1939774
2993982
1578627
24529254
1309193
3269019
2044201
1482083
2024969
4849735
1810604
3011984
1757164
3566549
5153525
1305484
21362716
1308585
10573438
19962568
1472229
1307662
1907838
3927761
1296820
10442345
1308937
10805485
3590928
6971017
1433678
1778352
1823230
3804734
1419937
2996642
4058963
1811755
26148846
1950530
2037835
10460130
7057975
5323951
1872019
4031065
10759790
11618249
1902654
20277285
26268610
1309113
25880244
25765745
2363919
10464961
26220735
25951736
20483435
3556727
25966045
25959855
21327518
24751765
6309365
25908302
4311072
5355365
3737278
26597953
4913184
26277272
24706750
26424832