1292328
1297447
1292287
10756537
1306490
1301136
1307898
1294417
25919910
1296161
1307812
1459054
1302128
26304163
1303587
1300195
1301198
1401962
1871997
19965275
1296161
1307812
1459054
1302128
26304163
1303587
1300195
1301198
1401962
1871997
19965275
1297223
1298443
1297304
26318596
1432347
1301168
1293475
1293765
1307115
1871997
19965275
1297223
1298443
1297304
26318596
1432347
1301168
1293475
1293765
1307115
1477440
7564989
1302738
1306951
1297763
1292704
2136204
2136201
1390006
1293765
1307115
1477440
7564989
1302738
1306951
1297763
1292704
2136204
2136201
1390006
1299085
1301180
1419920
1307286
1302170
1477088
1307630
2145869
24745500
2136201
1390006
1299085
1301180
1419920
1307286
1302170
1477088
1307630
2145869
24745500
1295485
1296837
1301946
1297979
1296700
1306416
26304159
26304162
1300217
2145869
24745500
1295485
1296837
1301946
1297979
1296700
1306416
26304159
26304162
1300217
1773520
1294561
1294488
1968502
2136206
1304940
1440958
1300166
1467585
26304162
1300217
1773520
1294561
1294488
1968502
2136206
1304940
1440958
1300166
1467585
1459978
1306265
1299670
1448826
1469558
1394324
2136197
2136210
1472019
26301742
1467585
1459978
1306265
1299670
1448826
1469558
1394324
2136197
2136210
1472019
26301742
1302628
26304160
1307426
26304161
1298278
2303845
1297517
1304091
2136213
1472019
26301742
1302628
26304160
1307426
26304161
1298278
2303845
1297517
1304091
2136213
2136208
2136212
2136209
1456879
1305536
1298556
1306437
26304164
1304253
1304091
2136213
2136208
2136212
2136209
1456879
1305536
1298556
1306437
26304164
1304253
1307010
1299059
6425116
1666889
1304654
26301744
26302610
1306997
3055447
26304164
1304253
1307010
1299059
6425116
1666889
1304654
26301744
26302610
1306997
3055447
1300265
1298761
25773294
1294484
3813779
1297924
1294011
1474336
1301116
1306997
3055447
1300265
1298761
25773294
1294484
3813779
1297924
1294011
1474336
1301116
1302154
1432545
6721670
1305201
1292843
1298589
1297726
4896304
1305837
1474336
1301116
1302154
1432545
6721670
1305201
1292843
1298589
1297726
4896304
1305837
1307957
1462622
2347264
1759102
4942776
1306123
1303497
1408298
1297258
1301222
1305837
1307957
1462622
2347264
1759102
4942776
1306123
1303497
1408298
1297258
1301222
1306105
1459786
2347259
1304323
1302397
2347265
2347263
1865903
1482512
1297258
1301222
1306105
1459786
2347259
1304323
1302397
2347265
2347263
1865903
1482512
2135387
4721293
1301982
1300204
2348509
1295987
1293518
1308338
1483577
1865903
1482512
2135387
4721293
1301982
1300204
2348509
1295987
1293518
1308338
1483577
1845893
2072115
1461031
3754946
10573695
3047989
1437554
2297471
1498680
1308338
1483577
1845893
2072115
1461031
3754946
10573695
3047989
1437554
2297471
1498680
3546019
5337555
5996800
1401205
2079524
1308067
1308722
24879839
25444447
2297471
1498680
3546019
5337555
5996800
1401205
2079524
1308067
1308722
24879839
25444447
1939414
3182495
1304701
24736299
2084622
6124012
3400766
10604892
3189969
24879839
25444447
1939414
3182495
1304701
24736299
2084622
6124012
3400766
10604892
3189969
10604893
2994851
3824500
10807916
2363962
5985921
10583890
26575441