1292052
1296141
1295644
1291841
1424334
1299131
1292262
1303525
1293350
1300992
1397546
1307914
1851857
1292208
1295873
1302463
1292515
1293989
1307135
1306016
1292223
1293544
1291832
21318488
21360417
1297574
1295409
1294240
1307793
1291879
1300374
24750126
1305725
4304402
1300056
1292269
4860078
1297602
1293820
1295070
1293783
1294047
1305533
1303357
1298415
1417598
1305487
1300299
1388216
1292214
1291992
1292329
1292348
25917973
1307528
1848925
1293374
1389924
1301231
1292646
1294138
1292547
1299885
1296674
1303558
24405378
3395373
1304447
1292528
1419936
1305690
1301171
1300741
1293527
25787888
1302642
1306439
1297991
6080840
1297311
1293394
1773216
1945253
1293226
1306454
1427034
1294699
1293213
1293936
1303654
1292397
1720137
1293663
1295995
1427038
1297200
1303554
1306388
1293620
1305567
1300980
1760622
23761370
4286017
1438652
1292659
1292233
1309027
1292222
1295686
1293434
1307697
10437779
1302100
1293566
1300966
10756537
1303559
1401588
1401619
1305032
1421737
1441134
3228134
1301216
1422055
3075287
3068206
24751756
1298898
2369845
1300616
2027938
1296217
3006309
3743114
1294183
1292268
1292450
1296519
1307372
1292850
1294584
1293889
1294181
1291569
1300266
1306032
2367134
1293156
1301798
1292649
1303545
1302063
1401915
1763939
1394342
1294940
1416902
1421570
1303521
1294746
1478398
1299026
1768214
1292996
1421742
1303579
1296416
1306987
1438068
1862151
2124586
1299603
25750969
1307542
1295045
4826419
1295872
1469049
1292065
1291878
2251569
1872272
1299799
1306870
1293381
1291863
1292449
1306449
1295452
1293864
1292533
1298973
1293107
1298351
1294756
1427034
1294699
1293213
1293936
1303654
1292397
1720137
1293663
1295995
1427038
1297200
1303554
1306388
1293620
1305567
1300980
1760622
23761370
4286017
1438652
1292659
1292233
1309027
1292222
1295686
1293434
1307697
10437779
1302100
1293566
1300966
10756537
1303559
1401588
1401619
1305032
1421737
1441134
3228134
1301216
1422055
3075287
3068206
24751756
1298898
2369845
1300616
2027938
1296217
3006309
3743114
1294183
1292268
1292450
1296519
1307372
1292850
1294584
1293889
1294181
1291569
1300266
1306032
2367134
1293156
1301798
1292649
1303545
1302063
1401915
1763939
1394342
1294940
1416902
1421570
1303521
1294746
1478398
1299026
1768214
1292996
1421742
1303579
1296416
1306987
1438068
1862151
2124586
1299603
25750969
1307542
1295045
4826419
1295872
1469049
1292065
1291878
2251569
1872272
1299799
1306870
1293381
1291863
1292449
1306449
1295452
1293864
1292533
1298973
1293107
1298351
1294756
1467778
1299195
1305080
1298350
1297589
1298710
1299608
1401368
3841966
10455077
1422299
1506770
3804891
4915857
1292275
1307106
1309069
4249355
1300618
1309045
1301746
2044089
4116480
25932086
1292697
1297862
1292531
1300528
1293731
1937257
1306692
1689787
1292396
2355582
1295344
1293118
1295324
1298047
3603547
1422948
1291861
1294387
1299287
1296534
1303536
1297547
1293698
1293219
1292772
3095504
1301678
1303585
1791226
1296845
1296847
1295328
1294859
1299785
1361277
1303377
1299245
4089685
1466414
1304346
10455078
1298905
1421741
3734112
1291580
4206357
1303815
1308833
1292229
25823132
1292326
1301509
1293167
3009161
1298112
1293422
1297229
1806543
1304490
1299782
1292585
1292280
1301230
1432436
1292228
1292060
1292703
1308476
4820775
1293582
1295872
1469049
1292065
1291878
2251569
1872272
1299799
1306870
1293381
1291863
1292449
1306449
1295452
1293864
1292533
1298973
1293107
1298351
1294756
1467778
1299195
1305080
1298350
1297589
1298710
1299608
1401368
3841966
10455077
1422299
1506770
3804891
4915857
1292275
1307106
1309069
4249355
1300618
1309045
1301746
2044089
4116480
25932086
1292697
1297862
1292531
1300528
1293731
1937257
1306692
1689787
1292396
2355582
1295344
1293118
1295324
1298047
3603547
1422948
1291861
1294387
1299287
1296534
1303536
1297547
1293698
1293219
1292772
3095504
1301678
1303585
1791226
1296845
1296847
1295328
1294859
1299785
1361277
1303377
1299245
4089685
1466414
1304346
10455078
1298905
1421741
3734112
1291580
4206357
1303815
1308833
1292229
25823132
1292326
1301509
1293167
3009161
1298112
1293422
1297229
1806543
1304490
1299782
1292585
1292280
1301230
1432436
1292228
1292060
1292703
1308476
4820775
1293582
5150481
1424469
1292584
2061185
1428067
1298191
1506769
1303463
1298884
1401265
1301717
1438247
1309001
3263472
1293301
3992966
1420283
1427039
1437326
3292058
1432780
1294971
1303567
24719063
25798448
1292219
1857099
1301578
1474189
21941283
3808604
3592859
1304898
1308599
1292067
1853160
1304026
2284851
1292264
1793904
1300752
2381810
1293147
21937438
4179012
1302542
1296272
1298412
1305858
1750027
1292633
1295260
1292521
1303458
3212318
1292467
1306762
1298093
1294634
1900165
1292588
1301148
1298095
2298609
1309140
1293571
10355623
1296827
1296397
1297974
1394518
1428166
1305340
1416910
1298894
1452648
1300365
1294733
3426918
1297016
1548912
1297570
1972698
1292272
1790577
1307748
1299837
6768838
1578503
1300537
1827713
25727048
1302271
1301509
1293167
3009161
1298112
1293422
1297229
1806543
1304490
1299782
1292585
1292280
1301230
1432436
1292228
1292060
1292703
1308476
4820775
1293582
5150481
1424469
1292584
2061185
1428067
1298191
1506769
1303463
1298884
1401265
1301717
1438247
1309001
3263472
1293301
3992966
1420283
1427039
1437326
3292058
1432780
1294971
1303567
24719063
25798448
1292219
1857099
1301578
1474189
21941283
3808604
3592859
1304898
1308599
1292067
1853160
1304026
2284851
1292264
1793904
1300752
2381810
1293147
21937438
4179012
1302542
1296272
1298412
1305858
1750027
1292633
1295260
1292521
1303458
3212318
1292467
1306762
1298093
1294634
1900165
1292588
1301148
1298095
2298609
1309140
1293571
10355623
1296827
1296397
1297974
1394518
1428166
1305340
1416910
1298894
1452648
1300365
1294733
3426918
1297016
1548912
1297570
1972698
1292272
1790577
1307748
1299837
6768838
1578503
1300537
1827713
25727048
1302271
25766529
10535562
4132407
3819939
20514902
3785918
6128922
1483239
1308713
4914656
1422957
1905777
1296623
1298505
1292532
1295086
1296718
1418570
1300575
1482089
1306513
1293671
1304753
1419941
1304665
1291867
1304583
20397453
1441778
1304660
1422883
1472907
1299898
1872105
1307054
1297422
1301229
1293255
1293249
1304152
1308696
1293439
1302597
1294002
1292555
1293389
1420006
1307078
1305869
1304974
1358420
1303415
1292452
1441895
3426877
1437260
1293827
1401570
1427040
1308420
1506813
2138227
1464169
2371689
1303136
3230459
6537500
1307694
1291584
1768351
1947549
1300069
1297689
1829230
1293353
1796939
1305053
1309220
1401535
20388224
1441801
1301715
1302434
2996790
5155038
1300044
1302325
1292440
1479377
5924362
1588945
1307649
1306663
3217128
1452648
1300365
1294733
3426918
1297016
1548912
1297570
1972698
1292272
1790577
1307748
1299837
6768838
1578503
1300537
1827713
25727048
1302271
25766529
10535562
4132407
3819939
20514902
3785918
6128922
1483239
1308713
4914656
1422957
1905777
1296623
1298505
1292532
1295086
1296718
1418570
1300575
1482089
1306513
1293671
1304753
1419941
1304665
1291867
1304583
20397453
1441778
1304660
1422883
1472907
1299898
1872105
1307054
1297422
1301229
1293255
1293249
1304152
1308696
1293439
1302597
1294002
1292555
1293389
1420006
1307078
1305869
1304974
1358420
1303415
1292452
1441895
3426877
1437260
1293827
1401570
1427040
1308420
1506813
2138227
1464169
2371689
1303136
3230459
6537500
1307694
1291584
1768351
1947549
1300069
1297689
1829230
1293353
1796939
1305053
1309220
1401535
20388224
1441801
1301715
1302434
2996790
5155038
1300044
1302325
1292440
1479377
5924362
1588945
1307649
1306663
3217128
3012053
1304837
3072779
1307577
3346527
1302176
1293202
1292846
1308456
1863384
1309066
1295225
1462839
2147874
1293995
25825320
1306678
1303170
2978305
1468547
1299665
1299027
1295820
1304710
1470155
1475262
1295480
1303078
3059472
1307115
4106641
1292857
1295306
3024392
1304901
1867801
1298013
1776795
1298474
1421740
1299997
1768224
1768229
1304210
1449340
1301658
1296210
1291543
1291550
3148748
5422105
11510624
2997076
1304899
1301345
25752261
2132930
1412579
1304624
1309064
1922273
2350904
11501396
6753166
3075983
1305224
1400868
2138299
1949321
2080007
1394825
1292962
1308252
1297248
1296553
1294315
3077739
1293976
4111335
1297317
25780578
1293941
1305249
1299235
1294434
1297683
2002741
4132395
3671995
1297874
3013046
1305096
1293511
1796939
1305053
1309220
1401535
20388224
1441801
1301715
1302434
2996790
5155038
1300044
1302325
1292440
1479377
5924362
1588945
1307649
1306663
3217128
3012053
1304837
3072779
1307577
3346527
1302176
1293202
1292846
1308456
1863384
1309066
1295225
1462839
2147874
1293995
25825320
1306678
1303170
2978305
1468547
1299665
1299027
1295820
1304710
1470155
1475262
1295480
1303078
3059472
1307115
4106641
1292857
1295306
3024392
1304901
1867801
1298013
1776795
1298474
1421740
1299997
1768224
1768229
1304210
1449340
1301658
1296210
1291543
1291550
3148748
5422105
11510624
2997076
1304899
1301345
25752261
2132930
1412579
1304624
1309064
1922273
2350904
11501396
6753166
3075983
1305224
1400868
2138299
1949321
2080007
1394825
1292962
1308252
1297248
1296553
1294315
3077739
1293976
4111335
1297317
25780578
1293941
1305249
1299235
1294434
1297683
2002741
4132395
3671995
1297874
3013046
1305096
1293511
2140558
2996114
1761813
1297138
1316561
1929477
1300122
1293045
1294341
1293192
1293127
1297931
1304774
1307546
1459620
1304814
1299412
3006325
1482105
1293298
1440951
1304866
1759192
2134835
1768212
1296389
1309155
1304261
1304174
1301073
1299126
1902701
1506817
1768197
1302680
6517421
2998270
4051753
3878157
3217165
1295340
1484760
6771529
3217894
1889152
1301409
5353344
1294791
4280770
6869412
1293142
3078384
6539385
2999500
1298974
1302193
3263169
2372389
1478582
5286821
1474045
1436846
1293658
2132290
1295527
1297260
1308035
1305003
1293276
3268493
1299658
6877524
1295603
1293817
3199971
3062588
3068237
7059561
1303449
1306614
1858064
1296501
1950896
3154388
1294726
4221477
1301234
1400650
4130238
2031628
1309098
1293821
1309129
2009943
1294315
3077739
1293976
4111335
1297317
25780578
1293941
1305249
1299235
1294434
1297683
2002741
4132395
3671995
1297874
3013046
1305096
1293511
2140558
2996114
1761813
1297138
1316561
1929477
1300122
1293045
1294341
1293192
1293127
1297931
1304774
1307546
1459620
1304814
1299412
3006325
1482105
1293298
1440951
1304866
1759192
2134835
1768212
1296389
1309155
1304261
1304174
1301073
1299126
1902701
1506817
1768197
1302680
6517421
2998270
4051753
3878157
3217165
1295340
1484760
6771529
3217894
1889152
1301409
5353344
1294791
4280770
6869412
1293142
3078384
6539385
2999500
1298974
1302193
3263169
2372389
1478582
5286821
1474045
1436846
1293658
2132290
1295527
1297260
1308035
1305003
1293276
3268493
1299658
6877524
1295603
1293817
3199971
3062588
3068237
7059561
1303449
1306614
1858064
1296501
1950896
3154388
1294726
4221477
1301234
1400650
4130238
2031628
1309098
1293821
1309129
2009943
1908466
1902700
2130521
1293921
3074464
4036969
24324732
1292916
1914852
1304495
1293508
1849933
1917205
1768209
1303022
1421738
1301533
1299521
1307579
1768175
1958434
1506814
6890730
1306612
1945336
1890784
23788440
1303184
2369549
1849959
1304608
1294621
1301061
1298189
10438691
1947080
25881247
3012013
1302753
1298697
1296102
1295629
2002683
1307917
1307678
1293090
1482099
1422917
1892530
1301328
4901684
1915180
1294488
1294713
4206468
1292474
1306470
3040438
1292335
3057495
25862354
1300946
1464907
1867389
1306548
1303976
2988294
1301161
1307684
2330134
1438290
1921382
1293352
1292598
2310059
1306474
1761920
25823076
2996275
1304571
1305119
1307980
1294665
1298406
1306708
26295860
1304935
1449636
1308114
1297253
1302725
3206298
1418016
1304494
3062588
3068237
7059561
1303449
1306614
1858064
1296501
1950896
3154388
1294726
4221477
1301234
1400650
4130238
2031628
1309098
1293821
1309129
2009943
1908466
1902700
2130521
1293921
3074464
4036969
24324732
1292916
1914852
1304495
1293508
1849933
1917205
1768209
1303022
1421738
1301533
1299521
1307579
1768175
1958434
1506814
6890730
1306612
1945336
1890784
23788440
1303184
2369549
1849959
1304608
1294621
1301061
1298189
10438691
1947080
25881247
3012013
1302753
1298697
1296102
1295629
2002683
1307917
1307678
1293090
1482099
1422917
1892530
1301328
4901684
1915180
1294488
1294713
4206468
1292474
1306470
3040438
1292335
3057495
25862354
1300946
1464907
1867389
1306548
1303976
2988294
1301161
1307684
2330134
1438290
1921382
1293352
1292598
2310059
1306474
1761920
25823076
2996275
1304571
1305119
1307980
1294665
1298406
1306708
26295860
1304935
1449636
1308114
1297253
1302725
3206298
1418016
1304494
1301827
1304205
1293504
1301705
3228086
10763164
1418190
2209368
20257326
1949812
1471507
1419974
1308762
1306737
1309047
1939173
1299120
1305248
1298252
2265778
1307210
2038379
1296203
1422950
1296153
1326208
3025809
1741703
1306098
1306893
1417555
1304687
1578646
1796007
1299107
3239814
1401383
1293619
1308802
1297012
1307427
1306977
25892603
1301716
3782817
1467094
1304828
1307358
3804707
19929592
1297290
1307866
2310983
1293262
1304982
1295533
1293385
2155142
3068210
4000431
1302458
1294196
1298171
1307185
3283192
1299236
1902428
1408305
2033584
1974101
1297599
3205316
1293488
1294823
1306604
1293552
1300938
1306236
1298734
1300872
3074439
1306160
1781126
1303139
2010972
5044737
1306154
3642866
1296011
2047910
1366853
4709671
1304726
1306474
1761920
25823076
2996275
1304571
1305119
1307980
1294665
1298406
1306708
26295860
1304935
1449636
1308114
1297253
1302725
3206298
1418016
1304494
1301827
1304205
1293504
1301705
3228086
10763164
1418190
2209368
20257326
1949812
1471507
1419974
1308762
1306737
1309047
1939173
1299120
1305248
1298252
2265778
1307210
2038379
1296203
1422950
1296153
1326208
3025809
1741703
1306098
1306893
1417555
1304687
1578646
1796007
1299107
3239814
1401383
1293619
1308802
1297012
1307427
1306977
25892603
1301716
3782817
1467094
1304828
1307358
3804707
19929592
1297290
1307866
2310983
1293262
1304982
1295533
1293385
2155142
3068210
4000431
1302458
1294196
1298171
1307185
3283192
1299236
1902428
1408305
2033584
1974101
1297599
3205316
1293488
1294823
1306604
1293552
1300938
1306236
1298734
1300872
3074439
1306160
1781126
1303139
2010972
5044737
1306154
3642866
1296011
2047910
1366853
4709671
1304726
1892848
1298635
1296947
3006781
1438300
1437128
1461124
1300774
1296252
1309185
1895119
25818615
1298493
1306161
1917086
5323881
3750748
1298667
1293335
1298695
2264143
1292676
2210130
1304723
1298608
1304722
1308072
1305596
1293214
1479872
1300595
1306531
1300718
20423021
1889382
1292669
1292807
1293660
3099086
1949989
1296415
1296599
20388674
1292811
1297075
1293547
1292482
1417899
21941804
6872273
10344754
1308570
5502697
3532614
1315316
1292344
1428602
1307442
10766459
7916027
1937621
1482055
6738735
1309120
24695966
1303773
1306518
10796594
1947114
1294929
1428177
4206477
1292900
2367213
1457294
1493481
3238076
1297148
1905790
1419976
1907467
1308842
2158328
11523504
4032539
5279640
1417084
1298244
4202983
6521902
26303865
1306530
1295622
1759849
1293552
1300938
1306236
1298734
1300872
3074439
1306160
1781126
1303139
2010972
5044737
1306154
3642866
1296011
2047910
1366853
4709671
1304726
1892848
1298635
1296947
3006781
1438300
1437128
1461124
1300774
1296252
1309185
1895119
25818615
1298493
1306161
1917086
5323881
3750748
1298667
1293335
1298695
2264143
1292676
2210130
1304723
1298608
1304722
1308072
1305596
1293214
1479872
1300595
1306531
1300718
20423021
1889382
1292669
1292807
1293660
3099086
1949989
1296415
1296599
20388674
1292811
1297075
1293547
1292482
1417899
21941804
6872273
10344754
1308570
5502697
3532614
1315316
1292344
1428602
1307442
10766459
7916027
1937621
1482055
6738735
1309120
24695966
1303773
1306518
10796594
1947114
1294929
1428177
4206477
1292900
2367213
1457294
1493481
3238076
1297148
1905790
1419976
1907467
1308842
2158328
11523504
4032539
5279640
1417084
1298244
4202983
6521902
26303865
1306530
1295622
1759849
26276359
4146762
1294548
1298401
1295635
1950733
20266428
1300264
1946885
1421104
1293494
1298461
1295582
3095501
3236481
1304544
1293932
1293980
1292783
2060181
1305072
1304251
2975908
1301398
1300949
1308489
1461850
1293855
1294644
1394447
1296255
1962965
1464748
1789384
1299316
3138617
1305945
1789054
2303056
3155085
1297006
1301541
1295633
1295737
1293654
1307196
1308250
25920885
2054933
3718269
10439358
4004715
2229427
1301630
1295106
10877413
2133413
2252778
2074035
1296867
1292552
6558262
1507248
1305525
1301888
1293330
2028840
1307569
1482541
1297723
6535907
1297497
3718210
1301618
21793840
1532365
1303808
1793919
2037910
1298981
1302084
1294285
1304741
1841904
1301575
1306858
1304647
1305993
1858267
22011074
1297513
6558263
26599752
1493481
3238076
1297148
1905790
1419976
1907467
1308842
2158328
11523504
4032539
5279640
1417084
1298244
4202983
6521902
26303865
1306530
1295622
1759849
26276359
4146762
1294548
1298401
1295635
1950733
20266428
1300264
1946885
1421104
1293494
1298461
1295582
3095501
3236481
1304544
1293932
1293980
1292783
2060181
1305072
1304251
2975908
1301398
1300949
1308489
1461850
1293855
1294644
1394447
1296255
1962965
1464748
1789384
1299316
3138617
1305945
1789054
2303056
3155085
1297006
1301541
1295633
1295737
1293654
1307196
1308250
25920885
2054933
3718269
10439358
4004715
2229427
1301630
1295106
10877413
2133413
2252778
2074035
1296867
1292552
6558262
1507248
1305525
1301888
1293330
2028840
1307569
1482541
1297723
6535907
1297497
3718210
1301618
21793840
1532365
1303808
1793919
2037910
1298981
1302084
1294285
1304741
1841904
1301575
1306858
1304647
1305993
1858267
22011074
1297513
6558263
26599752
1303569
1297401
6749578
1485411
1309208
23762611
1299015
1779252
1304195
1293461
1299440
1773985
2363876
2080133
3018122
2156945
5028536
4156402
1308850
1422909
3073648
3183490
1394268
2027923
5149279
1419953
4821015
3158432
5966609
1297509
1865012
3009168
1298574
1298354
1785323
1308989
1301447
1301164
1306915
1484218
1292845
4099242
1306665
1471284
1296432
1394466
1304598
1291855
1297071
3152563
1295973
3743063
1759768
1293067
1578711
1297690
1298371
2054428
1300112
2255893
3148035
24839508
4043410
1307846
1293986
1949312
1867408
1292624
3011574
1296935
25809384
1972732
3072889
1301865
1301173
2133293
10546666
2042617
1308912
1295547
10462705
24839091
1422925
1294809
1865108
3073647
1419903
1303769
2075345
3218765
1294251
1299966
1294863
4111346
1532365
1303808
1793919
2037910
1298981
1302084
1294285
1304741
1841904
1301575
1306858
1304647
1305993
1858267
22011074
1297513
6558263
26599752
1303569
1297401
6749578
1485411
1309208
23762611
1299015
1779252
1304195
1293461
1299440
1773985
2363876
2080133
3018122
2156945
5028536
4156402
1308850
1422909
3073648
3183490
1394268
2027923
5149279
1419953
4821015
3158432
5966609
1297509
1865012
3009168
1298574
1298354
1785323
1308989
1301447
1301164
1306915
1484218
1292845
4099242
1306665
1471284
1296432
1394466
1304598
1291855
1297071
3152563
1295973
3743063
1759768
1293067
1578711
1297690
1298371
2054428
1300112
2255893
3148035
24839508
4043410
1307846
1293986
1949312
1867408
1292624
3011574
1296935
25809384
1972732
3072889
1301865
1301173
2133293
10546666
2042617
1308912
1295547
10462705
24839091
1422925
1294809
1865108
3073647
1419903
1303769
2075345
3218765
1294251
1299966
1294863
4111346
24742719
1300857
1921991
2338068
1298437
1422915
6126506
3601176
1304905
2123052
1417304
3436905
1299790
6001229
25856626
1428053
1306140
3036472
1307663
1294253
1939706
1300713
1307852
3001143
1304523
1463243
1940993
1293570
1401523
1301770
1302340
1824422
1303168
1455975
1303141
1862346
1297410
4225584
1293684
1296818
3179752
2136254
1301768
1295643
1293477
4730827
1292852
1293962
1866426
1957764
4259560
1297345
1295515
2298538
2270438
3326772
3606971
1293258
3077413
1428055
2974273
1950192
1309209
3302627
1296169
1295746
1777570
21977761
4728518
1467023
1308790
1985959
1410557
1300371
5432221
1309000
4922398
2337773
1946607
3136507
2978184
1864541
1301431
2133483
1302812
1296705
1297629
2299659
1293854
1309097
1305074
1293368
26274810
1292854
2133293
10546666
2042617
1308912
1295547
10462705
24839091
1422925
1294809
1865108
3073647
1419903
1303769
2075345
3218765
1294251
1299966
1294863
4111346
24742719
1300857
1921991
2338068
1298437
1422915
6126506
3601176
1304905
2123052
1417304
3436905
1299790
6001229
25856626
1428053
1306140
3036472
1307663
1294253
1939706
1300713
1307852
3001143
1304523
1463243
1940993
1293570
1401523
1301770
1302340
1824422
1303168
1455975
1303141
1862346
1297410
4225584
1293684
1296818
3179752
2136254
1301768
1295643
1293477
4730827
1292852
1293962
1866426
1957764
4259560
1297345
1295515
2298538
2270438
3326772
3606971
1293258
3077413
1428055
2974273
1950192
1309209
3302627
1296169
1295746
1777570
21977761
4728518
1467023
1308790
1985959
1410557
1300371
5432221
1309000
4922398
2337773
1946607
3136507
2978184
1864541
1301431
2133483
1302812
1296705
1297629
2299659
1293854
1309097
1305074
1293368
26274810
1292854
7564114
1292732
1296927
1305070
20275845
1297768
1892526
1767888
1294197
1306209
1304856
1293334
1446994
1308472
1299549
1309166
1301782
2046022
1950451
1389978
1302292
1292751
1962384
1300209
24753439
1293795
1305230
1461353
1439107
1477533
1307667
2279092
1459657
1300097
5996801
6873657
1652618
1300608
1304642
25811357
3811342
20277433
1295638
1307384
10774066
2124507
3914547
3731463
2977357
1871800
1308824
1395455
5332266
24756658
1302537
22604659
1871220
20390185
4901351
1294559
5282434
5156515
1297650
6835009
3069359
1297336
3038900
1304238
1300139
1293903
1304897
1299072
1304579
1292702
1451895
1306891
1295192
3025840
4197788
10553321
1307487
1459786
1427354
1297677
3160407
1301783
1303770
1292542
1307226
3421317
1296544
1428112
3546657
1309000
4922398
2337773
1946607
3136507
2978184
1864541
1301431
2133483
1302812
1296705
1297629
2299659
1293854
1309097
1305074
1293368
26274810
1292854
7564114
1292732
1296927
1305070
20275845
1297768
1892526
1767888
1294197
1306209
1304856
1293334
1446994
1308472
1299549
1309166
1301782
2046022
1950451
1389978
1302292
1292751
1962384
1300209
24753439
1293795
1305230
1461353
1439107
1477533
1307667
2279092
1459657
1300097
5996801
6873657
1652618
1300608
1304642
25811357
3811342
20277433
1295638
1307384
10774066
2124507
3914547
3731463
2977357
1871800
1308824
1395455
5332266
24756658
1302537
22604659
1871220
20390185
4901351
1294559
5282434
5156515
1297650
6835009
3069359
1297336
3038900
1304238
1300139
1293903
1304897
1299072
1304579
1292702
1451895
1306891
1295192
3025840
4197788
10553321
1307487
1459786
1427354
1297677
3160407
1301783
1303770
1292542
1307226
3421317
1296544
1428112
3546657
1294542
6558257
3012728
6991110
4154669
5977836
1310185
2081493
1297003
1578669
1308120
1308034
3217878
3282396
3744561
3231686
1299335
6080756
3170961
4074733
2027933
5318758
1867415
1916995
3432861
3431735
10566662
1309091
3193964
3992384
1296628
1864491
3082393
25887846
4129619
4884122
2002725
1304124
1301185
1306805
1930582
1304581
1298878
1293185
25723328
1830411
1295158
1301240
1300807
2041864
20503624
20426973
1304842
3075909
1947655
1307309
3250532
1426886
1309151
6080091
1293445
1293500
1296168
25980207
1306608
1307257
1295300
1298943
2074344
1793902
1306089
1305460
10567361
1304288
5915346
1301235
1301360
3412830
20388198
3103683
1308855
1422106
6875647
1304536
1299495
2359499
1305686
2170915
1305553
20503269
3391271
3212991
3699947
1298737
1306891
1295192
3025840
4197788
10553321
1307487
1459786
1427354
1297677
3160407
1301783
1303770
1292542
1307226
3421317
1296544
1428112
3546657
1294542
6558257
3012728
6991110
4154669
5977836
1310185
2081493
1297003
1578669
1308120
1308034
3217878
3282396
3744561
3231686
1299335
6080756
3170961
4074733
2027933
5318758
1867415
1916995
3432861
3431735
10566662
1309091
3193964
3992384
1296628
1864491
3082393
25887846
4129619
4884122
2002725
1304124
1301185
1306805
1930582
1304581
1298878
1293185
25723328
1830411
1295158
1301240
1300807
2041864
20503624
20426973
1304842
3075909
1947655
1307309
3250532
1426886
1309151
6080091
1293445
1293500
1296168
25980207
1306608
1307257
1295300
1298943
2074344
1793902
1306089
1305460
10567361
1304288
5915346
1301235
1301360
3412830
20388198
3103683
1308855
1422106
6875647
1304536
1299495
2359499
1305686
2170915
1305553
20503269
3391271
3212991
3699947
1298737
3598221
1293554
3621404
3072883
3931898
1292930
2141149
4819552
1306755
1294616
10577975
25889465
4160568
1308801
1293139
1293679
1304525
3364849
6875543
1982073
3586721
2131651
1300378
1293280
2137130
1305929
4901344
1766496
1304353
3396528
1309146
1777665
4251801
1298745
2156696
1302653
1297647
1293968
1422910
2159051
1298837
3077742
20277632
4312428
4830478
3647523
3097044
3387483
1507151
4723944
6893934
3346995
3217142
3725320
25819726
1293133
10508878
4745364
3998385
1917313
3569954
2060184
12012475
3017691
3899297
6402121
1309132
1292493
1307990
2084048
4301659
1941257
10467174
1292333
1299150
3781133
10741221
1297412
19974285
1307202
1296875
20502341
1293328
1295827
6521950
1296041
1293495
2218071
1303867
4136145
3334410
1293546
1440939
1301235
1301360
3412830
20388198
3103683
1308855
1422106
6875647
1304536
1299495
2359499
1305686
2170915
1305553
20503269
3391271
3212991
3699947
1298737
3598221
1293554
3621404
3072883
3931898
1292930
2141149
4819552
1306755
1294616
10577975
25889465
4160568
1308801
1293139
1293679
1304525
3364849
6875543
1982073
3586721
2131651
1300378
1293280
2137130
1305929
4901344
1766496
1304353
3396528
1309146
1777665
4251801
1298745
2156696
1302653
1297647
1293968
1422910
2159051
1298837
3077742
20277632
4312428
4830478
3647523
3097044
3387483
1507151
4723944
6893934
3346995
3217142
3725320
25819726
1293133
10508878
4745364
3998385
1917313
3569954
2060184
12012475
3017691
3899297
6402121
1309132
1292493
1307990
2084048
4301659
1941257
10467174
1292333
1299150
3781133
10741221
1297412
19974285
1307202
1296875
20502341
1293328
1295827
6521950
1296041
1293495
2218071
1303867
4136145
3334410
1293546
1440939
2037832
1578712
21340180
1302300
1308558
10726941
11601131
10487568
1308745
3008253
2032341
5151891
1891157
1309028
3310482
1996313
1303269
1482063
1306573
1949310
3621418
3011355
1419965
11639147
1419981
3254242
6601369
1780982
2132466
7046937
1298821
1306295
1309181
1297604
1464901
1293268
1877942
3011097
1296215
3158435
2002813
3011486
1308780
1296514
21965529
4297802
3619835
1293519
10441034
4160595
1301785
26313973
3231740
26289126
10600271
6811422
5151892
3238087
3673923
1309211
1293691
3011033
21765841
3148064
4120583
24870066
3569915
10561880
4023433
10558252
2338069
5973984
1946890
1308050
4195568
3287578
4051768
1305781
3305818
3628407
2132442
1304199
19945758
3073837
10485481
6040997
10578312
25826239
1967941
2133592
1293263
3078632
25903812
1947654
3781133
10741221
1297412
19974285
1307202
1296875
20502341
1293328
1295827
6521950
1296041
1293495
2218071
1303867
4136145
3334410
1293546
1440939
2037832
1578712
21340180
1302300
1308558
10726941
11601131
10487568
1308745
3008253
2032341
5151891
1891157
1309028
3310482
1996313
1303269
1482063
1306573
1949310
3621418
3011355
1419965
11639147
1419981
3254242
6601369
1780982
2132466
7046937
1298821
1306295
1309181
1297604
1464901
1293268
1877942
3011097
1296215
3158435
2002813
3011486
1308780
1296514
21965529
4297802
3619835
1293519
10441034
4160595
1301785
26313973
3231740
26289126
10600271
6811422
5151892
3238087
3673923
1309211
1293691
3011033
21765841
3148064
4120583
24870066
3569915
10561880
4023433
10558252
2338069
5973984
1946890
1308050
4195568
3287578
4051768
1305781
3305818
3628407
2132442
1304199
19945758
3073837
10485481
6040997
10578312
25826239
1967941
2133592
1293263
3078632
25903812
1947654
1293686
6013391
1293496
1718158
4901702
1876889
25747016
1440622
3755203
1480007
25886498
1306445
1304369
6026048
1295470
1294543
20515977
3264229
5319819
1918224
24718797
1294519
1301823
1915729
5364976
1474762
1428107
3737279
3072149
10755166
1298029
1308566
1306988
3808643
1826229
3238077
1578694
1293432
2230889
1302668
2338150
1304483
10833662
1306810
1304246
3081333
24987018
4082544
3002820
3136488
3395460
11531725
21350962
2359450
3148877
1297670
2024935
1819460
1308835
10572779
1945083
3072077
20515015
4047355
25740432
1305225
1293379
1938951
1304231
1295532
3718623
2162919
1762300
1938966
2147836
4014405
10604087
1308771
4310059
1419985
3256172
6435936
2999489
1439600
10573438
20379462
1999216
3418436
25790755
3011335
25835479
1929503
4099520
19973990
3287578
4051768
1305781
3305818
3628407
2132442
1304199
19945758
3073837
10485481
6040997
10578312
25826239
1967941
2133592
1293263
3078632
25903812
1947654
1293686
6013391
1293496
1718158
4901702
1876889
25747016
1440622
3755203
1480007
25886498
1306445
1304369
6026048
1295470
1294543
20515977
3264229
5319819
1918224
24718797
1294519
1301823
1915729
5364976
1474762
1428107
3737279
3072149
10755166
1298029
1308566
1306988
3808643
1826229
3238077
1578694
1293432
2230889
1302668
2338150
1304483
10833662
1306810
1304246
3081333
24987018
4082544
3002820
3136488
3395460
11531725
21350962
2359450
3148877
1297670
2024935
1819460
1308835
10572779
1945083
3072077
20515015
4047355
25740432
1305225
1293379
1938951
1304231
1295532
3718623
2162919
1762300
1938966
2147836
4014405
10604087
1308771
4310059
1419985
3256172
6435936
2999489
1439600
10573438
20379462
1999216
3418436
25790755
3011335
25835479
1929503
4099520
19973990
2052363
1305149
2134844
1300928
2998426
1793921
1306507
21324290
1826431
1295180
25975912
1419954
6875601
20266753
4118060
1418270
1307311
1305655
4919232
10342838
2058846
2255999
2302162
1293227
4117296
7046520
3660133
4073939
1477608
3750513
1301968
3735839
1767952
2039751
1294839
25851668
5294421
5123366
25967329
1507141
1300547
3337073
1482075
1449962
6875611
19997950
3078391
22266898
5327201
1963940
5998916
3001170
25758005
3406365
1420053
1437015
4841184
5158123
5327266
3558661
25837175
25792690
6041199
2117922
5156137
6428516
3072156
6386983
25760615
1308190
26306671
3073160
3161047
20441283
1449414
2027948
10764054
1304249
1299595
25709273
7052437
1298230
10604227
2082012
25810920
6875610
6529847
5154463
3151388
3072127
1950448
3604156
5152973
4014405
10604087
1308771
4310059
1419985
3256172
6435936
2999489
1439600
10573438
20379462
1999216
3418436
25790755
3011335
25835479
1929503
4099520
19973990
2052363
1305149
2134844
1300928
2998426
1793921
1306507
21324290
1826431
1295180
25975912
1419954
6875601
20266753
4118060
1418270
1307311
1305655
4919232
10342838
2058846
2255999
2302162
1293227
4117296
7046520
3660133
4073939
1477608
3750513
1301968
3735839
1767952
2039751
1294839
25851668
5294421
5123366
25967329
1507141
1300547
3337073
1482075
1449962
6875611
19997950
3078391
22266898
5327201
1963940
5998916
3001170
25758005
3406365
1420053
1437015
4841184
5158123
5327266
3558661
25837175
25792690
6041199
2117922
5156137
6428516
3072156
6386983
25760615
1308190
26306671
3073160
3161047
20441283
1449414
2027948
10764054
1304249
1299595
25709273
7052437
1298230
10604227
2082012
25810920
6875610
6529847
5154463
3151388
3072127
1950448
3604156
5152973
3439317
25887266
1951195
1308782
26275692
1293563
1944900
1410695
25780574
1963235
20502443
2189743
4063054
5954505
10486471
10748492
2240233
4301282
1892160
2134313
1448701
6431078
20279749
7154463
3068563
26617314
1793916
1297176
10801417
3578923
11516131
2256038
3065223
10462800
19908446
2134899
6957283
10617168
2132894
5154606
4853410
2078908
20507022
1483946
25724004
25746423
10604486
4237863
25778483
10545080
2977956
1921686
26348798
2030560
5910934
3240844
3239906
5256472
5157128
4903581
11623346
2996752
3407821
26005517
20497559
10477734
10432916
1944141
4881604
22555690
25870074
25962762
24530939
19976063
23126901
20427364
25798808
6861573
7056769
23012028
6999296
10599835
25760472
6130488