1299398
1316510
2000736
1292328
1297447
1292287
1306490
1301136
1306249
1303394
1307898
1297767
1294417
1306021
1296161
1298755
1438024
1459054
1302128
26304163
1305607
1300195
1829282
1301198
1871997
19965275
1297223
1298443
11627068
1306021
1296161
1298755
1438024
1459054
1302128
26304163
1305607
1300195
1829282
1301198
1871997
19965275
1297223
1298443
11627068
1297304
20284873
1432347
1305667
1301168
1293475
1293765
24845115
3726986
1307115
1305606
1765609
1477440
7564989
1297223
1298443
11627068
1297304
20284873
1432347
1305667
1301168
1293475
1293765
24845115
3726986
1307115
1305606
1765609
1477440
7564989
1302738
1306951
1297763
1292704
2136204
2136201
1390006
1299085
1304787
1301180
1419920
1307286
1302170
1765609
1477440
7564989
1302738
1306951
1297763
1292704
2136204
2136201
1390006
1299085
1304787
1301180
1419920
1307286
1302170
1477088
1300200
1305742
2295854
1307630
2145869
24745500
1295485
1296837
1401129
1301946
1297979
1306416
1306803
1419920
1307286
1302170
1477088
1300200
1305742
2295854
1307630
2145869
24745500
1295485
1296837
1401129
1301946
1297979
1306416
1306803
26304159
26304162
1300217
1773520
1480546
1294561
1294693
1294488
1968502
1301081
2136206
1304940
1440958
1297979
1306416
1306803
26304159
26304162
1300217
1773520
1480546
1294561
1294693
1294488
1968502
1301081
2136206
1304940
1440958
1300166
1467585
1459978
1306265
1448826
1469558
1297863
1305355
1394324
1299578
6905170
2136197
2136210
1472019
2136206
1304940
1440958
1300166
1467585
1459978
1306265
1448826
1469558
1297863
1305355
1394324
1299578
6905170
2136197
2136210
1472019
25823113
26301742
1302628
1998122
1834663
26304160
1307426
26304161
3791506
2303845
1297517
2136213
2136208
2136197
2136210
1472019
25823113
26301742
1302628
1998122
1834663
26304160
1307426
26304161
3791506
2303845
1297517
2136213
2136208
2136212
2136209
1456879
1305536
1298556
1306437
26304164
1304253
21937456
1307010
1299059
10563780
1461919
6425116
2136213
2136208
2136212
2136209
1456879
1305536
1298556
1306437
26304164
1304253
21937456
1307010
1299059
10563780
1461919
6425116
10833867
1666889
1304654
26301744
26302610
1306997
5407087
3055447
26630566
1300265
1298761
25773294
2080560
10563780
1461919
6425116
10833867
1666889
1304654
26301744
26302610
1306997
5407087
3055447
26630566
1300265
1298761
25773294
2080560
25723907
3813779
1297924
1294011
10453719
1303176
1474336
1440583
21320278
1300773
1301116
1302154
1432545
1947089
25773294
2080560
25723907
3813779
1297924
1294011
10453719
1303176
1474336
1440583
21320278
1300773
1301116
1302154
1432545
1947089
1292843
6078003
1298589
1297726
1401223
10774103
4896304
1300082
1305837
1307957
1462622
2347264
1759102
1302154
1432545
1947089
1292843
6078003
1298589
1297726
1401223
10774103
4896304
1300082
1305837
1307957
1462622
2347264
1759102
5996801
1306123
1303497
1408298
1307979
1297258
1301222
1306105
2347259
1304323
1302397
2347265
4133942
2347263
2347264
1759102
5996801
1306123
1303497
1408298
1307979
1297258
1301222
1306105
2347259
1304323
1302397
2347265
4133942
2347263
1865903
14016168
1482512
1814150
2135387
4721293
3412830
4822848
5908477
25823840
1302705
1301982
20451307
1300204
2347265
4133942
2347263
1865903
14016168
1482512
1814150
2135387
4721293
3412830
4822848
5908477
25823840
1302705
1301982
20451307
1300204
2348509
3794184
5355170
3445526
1295987
1307026
1293518
1532814
1308338
1483577
1845893
1305060
11639538
1301982
20451307
1300204
2348509
3794184
5355170
3445526
1295987
1307026
1293518
1532814
1308338
1483577
1845893
1305060
11639538
1461031
1294220
3754946
25823833
10573695
5996799
2271640
2061179
1498680
3546019
5996800
1401205
7051294
26320029
1845893
1305060
11639538
1461031
1294220
3754946
25823833
10573695
5996799
2271640
2061179
1498680
3546019
5996800
1401205
7051294
26320029
4051608
1946291
3743168
1418605
2079524
1308722
24758396
24879839
25700831
1939414
3711760
4707596
3182495
1401205
7051294
26320029
4051608
1946291
3743168
1418605
2079524
1308722
24758396
24879839
25700831
1939414
3711760
4707596
3182495
4238946
4202204
25741354
24736299
1499008
2084622
6124012
6796158
3400766
10468169
4735944
4942778
10604892
20378811
3711760
4707596
3182495
4238946
4202204
25741354
24736299
1499008
2084622
6124012
6796158
3400766
10468169
4735944
4942778
10604892
20378811
3189969
10604893
11601820
4323732
2994851
3892449
6844867
3824500
25945356
4173583
4707585
3993553
20253940
4942778
10604892
20378811
3189969
10604893
11601820
4323732
2994851
3892449
6844867
3824500
25945356
4173583
4707585
3993553
20253940
1474749
10807916
5993138
2363962
4824982
1970594
20515018
25728734
4913222
5985921
10583890
26575441