1293841
1298733
1293226
1293936
10756537
1305032
1301216
1293936
10756537
1305032
1301216
1293973
1394342
1302338
1293973
1394342
1302338
3002616
1294978
1295451
1294756
3002616
1294978
1295451
1294756
1303953
1296845
1299245
1294756
1303953
1296845
1299245
1293582
1292584
1303567
1299245
1293582
1292584
1303567
1298275
1294072
1297227
1303567
1298275
1294072
1297227
1302923
1298894
1297016
1302923
1298894
1297016
1300356
1945628
1294250
1298505
1300356
1945628
1294250
1298505
1293255
1293389
1293827
1298505
1293255
1293389
1293827
1464169
2043434
25811030
1293827
1464169
2043434
25811030
2382777
1302808
1304210
25811030
2382777
1302808
1304210
1449340
1297874
1293195
1449340
1297874
1293195
1293221
1301978
2134835
1305732
1293221
1301978
2134835
1305732
3078384
1301234
1958434
1305732
3078384
1301234
1958434
1438410
1293352
1307980
1958434
1438410
1293352
1307980
1293416
1293262
1294823
1307980
1293416
1293262
1294823
20423021
1305236
1293980
20423021
1305236
1293980
1303569
1304834
1870452
2134844
1303569
1304834
1870452
2134844
10743802
21937432