1295124
1461403
1441039
1296736
1293909
1298248
1292589
1298257
1303712
1299248
1298944
1439730
1294639
1292849
1291822
10450409
1303067
1292230
25954475
1889053
10543907
1296542
1388180
1307067
1417911
1438733
1295759
1298561
1293172
3993559
6393127
1301867
10441064
1293146
1300956
1293783
1306266
1440106
1449406
1441399
1309115
1292349
1292238
6753589
1303075
3271093
1303073
10543906
1295287
1422020
22265121
1308607
1999689
1441038
1407149
1304056
1302235
1303967
1297644
1293150
1293492
1295116
1298561
1293172
3993559
6393127
1301867
10441064
1293146
1300956
1293783
1306266
1440106
1449406
1441399
1309115
1292349
1292238
6753589
1303075
3271093
1303073
10543906
1295287
1422020
22265121
1308607
1999689
1441038
1407149
1304056
1302235
1303967
1297644
1293150
1293492
1295116
1419005
1294532
1301725
1299775
1432631
1438649
3608982
1303060
1765822
1293530
1291824
1301726
1307535
1293626
1294947
1305615
1428007
1292851
3692290
1308721
1810661
1401756
4023638
1292207
25859495
25740192
1295802
1296617
1300932
1292890
1302235
1303967
1297644
1293150
1293492
1295116
1419005
1294532
1301725
1299775
1432631
1438649
3608982
1303060
1765822
1293530
1291824
1301726
1307535
1293626
1294947
1305615
1428007
1292851
3692290
1308721
1810661
1401756
4023638
1292207
25859495
25740192
1295802
1296617
1300932
1292890
1304712
1929726
1299026
1457435
1474367
6549903
1309071
1291850
2136824
2286418
1294958
20389706
1293870
6129462
1947282
1919626
1292885
1758439
1437432
1296502
1301130
1297024
1469967
1302567
1850963
1293466
3007809
1293200
2062678
25859495
25740192
1295802
1296617
1300932
1292890
1304712
1929726
1299026
1457435
1474367
6549903
1309071
1291850
2136824
2286418
1294958
20389706
1293870
6129462
1947282
1919626
1292885
1758439
1437432
1296502
1301130
1297024
1469967
1302567
1850963
1293466
3007809
1293200
2062678
1294562
2997094
1301723
1293714
1293692
1293104
1306002
1464526
1301500
3390253
1306426
1299830
1303452
1292891
10439904
1473840
1394491
1298182
1299783
2081204
1301866
1900237
3649049
25823132
1291587
1945780
1296242
25908051
3070921
1302567
1850963
1293466
3007809
1293200
2062678
1294562
2997094
1301723
1293714
1293692
1293104
1306002
1464526
1301500
3390253
1306426
1299830
1303452
1292891
10439904
1473840
1394491
1298182
1299783
2081204
1301866
1900237
3649049
25823132
1291587
1945780
1296242
25908051
3070921
1316511
3005365
1780122
1767197
25821498
1418671
1300306
1298911
1424469
1294048
1422283
1292681
1291834
1302201
1302362
5153551
1303016
2058121
1764667
1467739
1306847
1300027
1428422
1301428
1829282
1293703
2038156
26286449
1303590
1917171
1291587
1945780
1296242
25908051
3070921
1316511
3005365
1780122
1767197
25821498
1418671
1300306
1298911
1424469
1294048
1422283
1292681
1291834
1302201
1302362
5153551
1303016
2058121
1764667
1467739
1306847
1300027
1428422
1301428
1829282
1293703
2038156
26286449
1303590
1917171
1293785
1900848
1431617
1298366
1292759
1293715
2081429
2298609
4304302
1294620
1293371
3071126
1309141
1304756
1475805
1298059
1428166
1305399
1294557
1294619
1578555
19965275
3619865
1418714
3626416
1907464
6879185
1291856
1299383
1829282
1293703
2038156
26286449
1303590
1917171
1293785
1900848
1431617
1298366
1292759
1293715
2081429
2298609
4304302
1294620
1293371
3071126
1309141
1304756
1475805
1298059
1428166
1305399
1294557
1294619
1578555
19965275
3619865
1418714
3626416
1907464
6879185
1291856
1299383
11627068
1300802
1438338
4117302
1292532
1297000
1300487
10792633
6013489
1306581
3686175
1301889
1394064
1865433
20426863
1308241
1305022
1306770
1304130
1305630
26318596
1297966
1305667
1440379
1303047
21352814
6558801
1305182
1889242
1292550
1418714
3626416
1907464
6879185
1291856
1299383
11627068
1300802
1438338
4117302
1292532
1297000
1300487
10792633
6013489
1306581
3686175
1301889
1394064
1865433
20426863
1308241
1305022
1306770
1304130
1305630
26318596
1297966
1305667
1440379
1303047
21352814
6558801
1305182
1889242
1292550
1302455
1300029
1296223
1588945
1301342
1302457
1302279
1471508
2133363
2137132
1481499
1308495
1301692
1305051
1420077
1292927
6724955
4093393
1844594
1293576
1752064
1294479
1303185
1401370
1300771
1300888
3041806
1853176
3073158
1303047
21352814
6558801
1305182
1889242
1292550
1302455
1300029
1296223
1588945
1301342
1302457
1302279
1471508
2133363
2137132
1481499
1308495
1301692
1305051
1420077
1292927
6724955
4093393
1844594
1293576
1752064
1294479
1303185
1401370
1300771
1300888
3041806
1853176
3073158
6430835
1395231
1900161
5361544
1298245
1929402
1394315
1297138
1294735
3102174
1304859
2265111
1296228
2263156
1304787
6048838
1308589
1300200
1309155
1305742
1303856
2295854
2155166
1951191
1779915
1876476
4111544
1884873
1308544
1401370
1300771
1300888
3041806
1853176
3073158
6430835
1395231
1900161
5361544
1298245
1929402
1394315
1297138
1294735
3102174
1304859
2265111
1296228
2263156
1304787
6048838
1308589
1300200
1309155
1305742
1303856
2295854
2155166
1951191
1779915
1876476
4111544
1884873
1308544
1295727
1767673
1297083
1796757
1433593
2294568
1295120
1478066
25767747
1306606
1394490
1867342
1424552
1292600
2005711
1839597
6424132
1304639
10757580
2009943
1472251
1949372
1484790
1293594
1293435
1481108
1295200
1307676
1296558
1294170
1779915
1876476
4111544
1884873
1308544
1295727
1767673
1297083
1796757
1433593
2294568
1295120
1478066
25767747
1306606
1394490
1867342
1424552
1292600
2005711
1839597
6424132
1304639
10757580
2009943
1472251
1949372
1484790
1293594
1293435
1481108
1295200
1307676
1296558
1294170
3596502
2369549
1301061
1297271
1294693
1482099
1301720
1849026
1301081
3681128
1304489
1438938
1421548
1304669
1301516
24523680
1304858
1765031
1301600
1483955
3318434
1295549
3011057
1303572
1301023
1293008
1303111
1299404
3268540
1293435
1481108
1295200
1307676
1296558
1294170
3596502
2369549
1301061
1297271
1294693
1482099
1301720
1849026
1301081
3681128
1304489
1438938
1421548
1304669
1301516
24523680
1304858
1765031
1301600
1483955
3318434
1295549
3011057
1303572
1301023
1293008
1303111
1299404
3268540
1298465
1303961
3578981
1949812
2133340
20515070
5151939
1294588
1308950
1827042
1306893
4825006
1299578
6905170
1401124
1308306
1424551
6852646
1767113
1293264
3190766
1787541
10568385
1297608
1295914
1301917
1678781
1300856
3283192
6875591
1303572
1301023
1293008
1303111
1299404
3268540
1298465
1303961
3578981
1949812
2133340
20515070
5151939
1294588
1308950
1827042
1306893
4825006
1299578
6905170
1401124
1308306
1424551
6852646
1767113
1293264
3190766
1787541
10568385
1297608
1295914
1301917
1678781
1300856
3283192
6875591
1818330
3074439
10599965
1439106
6011805
1781126
2010975
4709671
2294565
1478789
3089638
1307729
1297607
5395238
26088329
1304274
6801409
1302394
3237806
3148703
3530917
2058735
10563780
1292798
2081376
25753326
10833867
1860784
1305366
1295914
1301917
1678781
1300856
3283192
6875591
1818330
3074439
10599965
1439106
6011805
1781126
2010975
4709671
2294565
1478789
3089638
1307729
1297607
5395238
26088329
1304274
6801409
1302394
3237806
3148703
3530917
2058735
10563780
1292798
2081376
25753326
10833867
1860784
1305366
1305720
1293122
5155128
4887437
3114033
1293526
1305613
5407087
4193412
1298357
1303076
1306584
1958952
2028647
1303368
5919548
1305143
3147497
1304666
3287615
3836187
1419899
3103416
1464134
5502692
1800766
1891179
1863955
2993846
1292798
2081376
25753326
10833867
1860784
1305366
1305720
1293122
5155128
4887437
3114033
1293526
1305613
5407087
4193412
1298357
1303076
1306584
1958952
2028647
1303368
5919548
1305143
3147497
1304666
3287615
3836187
1419899
3103416
1464134
5502692
1800766
1891179
1863955
2993846
2230906
2075147
3179741
2255992
10756517
21320278
1295973
10810270
3009163
1459399
1294166
1304456
6080775
1466394
1308837
1305201
1292843
1296814
1296520
1304021
1294253
1458237
11598977
1308674
1461026
5397782
1898239
1853695
3148702
24522866
5502692
1800766
1891179
1863955
2993846
2230906
2075147
3179741
2255992
10756517
21320278
1295973
10810270
3009163
1459399
1294166
1304456
6080775
1466394
1308837
1305201
1292843
1296814
1296520
1304021
1294253
1458237
11598977
1308674
1461026
5397782
1898239
1853695
3148702
24522866
10774103
3148738
1476023
1300242
1301119
5343629
2303817
3369389
26268587
1419942
3014211
3231633
26259636
2025463
10518895
1478063
2363942
21351847
1295940
1297761
1919098
3168995
1466285
1472209
2567425
1483705
3291930
1578669
3010415
1461026
5397782
1898239
1853695
3148702
24522866
10774103
3148738
1476023
1300242
1301119
5343629
2303817
3369389
26268587
1419942
3014211
3231633
26259636
2025463
10518895
1478063
2363942
21351847
1295940
1297761
1919098
3168995
1466285
1472209
2567425
1483705
3291930
1578669
3010415
1304581
1830411
1307309
1440736
1856799
1472772
6433903
5908477
1394968
1901328
24499012
7062227
1293333
1477284
2020610
1465829
3445526
1300291
3443393
1303217
2006172
3389576
6875390
3022436
1296404
4718369
4896305
19969374
1303564
1922139
1472209
2567425
1483705
3291930
1578669
3010415
1304581
1830411
1307309
1440736
1856799
1472772
6433903
5908477
1394968
1901328
24499012
7062227
1293333
1477284
2020610
1465829
3445526
1300291
3443393
1303217
2006172
3389576
6875390
3022436
1296404
4718369
4896305
19969374
1303564
1922139
7052995
3543690
3148089
2153579
26005643
11612409
1440619
2035116
5347114
3546019
1790502
10449605
4817018
6757721
5343383
4135434
2229550
6878229
25806476
4304377
24325493
25789453
24269094
20284815
1308541
10456894
6900094
4073898
6080772
1296404
4718369
4896305
19969374
1303564
1922139
7052995
3543690
3148089
2153579
26005643
11612409
1440619
2035116
5347114
3546019
1790502
10449605
4817018
6757721
5343383
4135434
2229550
6878229
25806476
4304377
24325493
25789453
24269094
20284815
1308541
10456894
6900094
4073898
6080772
1979059
4202204
1947091
24748587
21357362
25731086
11528181
3582229
4821046
19994974
5997856
3736637
10746136
26421030
25731278
25962732
24854991
19967789
5326560
19976099
10343115
25945367
10527199
19944520
11627081
10757012