1295644
3541415
1292213
1291552
1295399
1292000
1299398
1291571
1851857
1291572
1291936
1870128
1292778
1309046
1294639
26393561
1305697
1292515
1889053
1296542
3742360
1291843
1578507
1297574
1295409
4304402
1292347
1296196
1947265
1652587
11026735
3726072
1848925
11443810
1293310
1294138
1292516
1298070
24405378
3395373
6307447
1292328
1304102
3592854
1308767
1292728
1291844
1300741
1293150
1294699
1295116
1440164
1421884
1292397
1950233
5401681
1297200
1432631
23761370
4286017
1292659
1292287
1309027
1302467
1293530
1291824
1293434
1450031
1294991
10756537
1294827
1293626
1306490
1296963
1441189
3903715
3293683
1298455
3075287
26277313
3068206
24751756
1304141
1298898
1300616
2027938
1806555
3743114
1293838
1304972
1297151
1296519
1307372
1293155
1294584
1302522
1302770
1291569
1308815
1300932
2150085
1292890
1307898
1292565
10485647
11606328
2973079
1972729
2124586
1294417
25919910
1296528
1309071
1309116
1422063
1295872
1469049
1306870
1291863
1298917
6129462
1298351
1308236
1293177
1467778
1303110
5159694
1306021
1302321
1296161
1794171
3006772
1966182
4746257
1315574
3168089
1292275
1307106
1292444
1309069
4249355
1300618
1309078
1292895
3397503
1292697
1297862
1294323
11589036
1293471
1306692
1293934
1293396
1295344
2361266
1293118
1294562
24718965
1298134
1474788
1303585
1791226
2150083
1299851
1300347
1766068
1866479
3233635
3274505
7065154
1308779
6390823
1418192
1291580
3642843
1307739
1293013
1292553
1292229
25823132
1292326
1297544
1293167
1294362
6845667
1293422
3103418
1297229
1302661
24723061
1307812
1389982
1293098
1291866
5985888
1304730
4820775
1459054
1302128
5150481
1298911
1296109
1299904
26304163
1306890
1401265
1302201
1783457
3077412
1301445
1308843
1292484
1293531
1301578
2132932
1300656
3808604
1297785
1853160
1301198
2284851
1302522
1302770
1291569
1308815
1300932
2150085
1292890
1307898
1292565
10485647
11606328
2973079
1972729
2124586
1294417
25919910
1296528
1309071
1309116
1422063
1295872
1469049
1306870
1291863
1298917
6129462
1298351
1308236
1293177
1467778
1303110
5159694
1306021
1302321
1296161
1794171
3006772
1966182
4746257
1315574
3168089
1292275
1307106
1292444
1309069
4249355
1300618
1309078
1292895
3397503
1292697
1297862
1294323
11589036
1293471
1306692
1293934
1293396
1295344
2361266
1293118
1294562
24718965
1298134
1474788
1303585
1791226
2150083
1299851
1300347
1766068
1866479
3233635
3274505
7065154
1308779
6390823
1418192
1291580
3642843
1307739
1293013
1292553
1292229
25823132
1292326
1297544
1293167
1294362
6845667
1293422
3103418
1297229
1302661
24723061
1307812
1389982
1293098
1291866
5985888
1304730
4820775
1459054
1302128
5150481
1298911
1296109
1299904
26304163
1306890
1401265
1302201
1783457
3077412
1301445
1308843
1292484
1293531
1301578
2132932
1300656
3808604
1297785
1853160
1301198
2284851
3836070
1297710
1793904
1300752
1293147
1401962
1299811
11443807
1292633
1298366
1972775
1303695
1292898
3824703
2081429
2298609
2150082
10355623
1299486
1295299
1304756
1871997
3626416
1432146
2124703
1297570
1302987
1291577
1297223
20388223
1306809
23331914
6057942
2303163
2998253
1972698
1298443
1433736
1293792
1294262
1299383
1296717
1299837
1297304
1300537
1827713
1302271
25766529
10535562
1293770
1303917
1482090
6128922
1483239
1308713
1292781
1309112
1308295
1295363
1293656
1786231
1306513
1307836
1304753
2081871
3686175
3925121
3862260
1422883
1307605
1305042
1308241
1292555
1301604
1305869
3005875
2146991
10807909
10440138
1293351
1309043
10727641
6537500
1301168
1866473
1307694
1291584
1295229
1309021
1947549
1300069
1297689
1296384
1296629
22715021
1401535
1293475
20388224
3036478
1293765
3074408
1292769
6558801
1789283
1301434
1298911
1296109
1299904
26304163
1306890
1401265
1302201
1783457
3077412
1301445
1308843
1292484
1293531
1301578
2132932
1300656
3808604
1297785
1853160
1301198
2284851
3836070
1297710
1793904
1300752
1293147
1401962
1299811
11443807
1292633
1298366
1972775
1303695
1292898
3824703
2081429
2298609
2150082
10355623
1299486
1295299
1304756
1871997
3626416
1432146
2124703
1297570
1302987
1291577
1297223
20388223
1306809
23331914
6057942
2303163
2998253
1972698
1298443
1433736
1293792
1294262
1299383
1296717
1299837
1297304
1300537
1827713
1302271
25766529
10535562
1293770
1303917
1482090
6128922
1483239
1308713
1292781
1309112
1308295
1295363
1293656
1786231
1306513
1307836
1304753
2081871
3686175
3925121
3862260
1422883
1307605
1305042
1308241
1292555
1301604
1305869
3005875
2146991
10807909
10440138
1293351
1309043
10727641
6537500
1301168
1866473
1307694
1291584
1295229
1309021
1947549
1300069
1297689
1296384
1296629
22715021
1401535
1293475
20388224
3036478
1293765
3074408
1292769
6558801
1789283
1301434
24845115
1300361
1301166
24845116
1306663
1291576
1295490
1295933
4300640
1302457
1308379
3726986
3012053
1304837
1307577
1293830
1293316
1302176
1293202
1292846
1308456
1309066
1305309
1966050
1293995
1299888
25825320
1302441
2978305
3836656
1468547
1307821
3890933
3838283
3862259
3925122
3862261
1306254
10562402
1300553
1307115
2125096
1440347
1293380
3821067
5323968
1291543
1291550
3041806
3148748
5422105
1329936
1295250
1305724
3025447
26311973
1308848
2028669
1853176
1308752
1306951
1304899
1994876
1301345
25752261
2132930
1297763
2065021
2174535
1295384
1297909
1292704
3011459
1400868
1301283
1293867
1293799
2138299
1308927
2080007
5346468
1307749
1297248
1295870
1308983
1293976
1298873
5361544
1293941
1297683
3215099
2123782
2136204
2136201
3671995
2982853
1987561
3013046
1305096
2140558
25760447
1761813
1305970
1390006
1866473
1307694
1291584
1295229
1309021
1947549
1300069
1297689
1296384
1296629
22715021
1401535
1293475
20388224
3036478
1293765
3074408
1292769
6558801
1789283
1301434
24845115
1300361
1301166
24845116
1306663
1291576
1295490
1295933
4300640
1302457
1308379
3726986
3012053
1304837
1307577
1293830
1293316
1302176
1293202
1292846
1308456
1309066
1305309
1966050
1293995
1299888
25825320
1302441
2978305
3836656
1468547
1307821
3890933
3838283
3862259
3925122
3862261
1306254
10562402
1300553
1307115
2125096
1440347
1293380
3821067
5323968
1291543
1291550
3041806
3148748
5422105
1329936
1295250
1305724
3025447
26311973
1308848
2028669
1853176
1308752
1306951
1304899
1994876
1301345
25752261
2132930
1297763
2065021
2174535
1295384
1297909
1292704
3011459
1400868
1301283
1293867
1293799
2138299
1308927
2080007
5346468
1307749
1297248
1295870
1308983
1293976
1298873
5361544
1293941
1297683
3215099
2123782
2136204
2136201
3671995
2982853
1987561
3013046
1305096
2140558
25760447
1761813
1305970
1390006
1316561
25662063
26361257
1929477
1293045
2299238
1299085
1304859
1293192
1296228
1866901
1916282
1297931
1298056
3010266
1304863
1301180
1305815
1294773
1309199
3227410
2998270
3231742
3642835
24745500
7046723
4051753
6560058
1295280
1401524
10598440
1293702
3104794
1307389
1293537
2072478
1295120
1295340
1473074
1295485
6771529
1296837
1299153
1301409
1292506
1299250
1292677
1294791
1305566
1293142
1478066
5157137
6539385
1293225
1300399
25728010
1298976
3406467
5286821
1299135
1306011
1401129
1293658
1295527
1294019
1300916
1297260
1306606
1308035
1785166
1305003
26252157
1299658
1507158
4844730
1308738
3199971
1293952
1301946
1297979
1292600
1300208
1296700
1302654
3154388
1303373
1306416
1908466
6890730
3412882
1306612
1945336
1978369
1302090
1308751
3036473
10746175
23788440
1298586
1307527
1294561
1849959
2132412
21263666
1304608
1295870
1308983
1293976
1298873
5361544
1293941
1297683
3215099
2123782
2136204
2136201
3671995
2982853
1987561
3013046
1305096
2140558
25760447
1761813
1305970
1390006
1316561
25662063
26361257
1929477
1293045
2299238
1299085
1304859
1293192
1296228
1866901
1916282
1297931
1298056
3010266
1304863
1301180
1305815
1294773
1309199
3227410
2998270
3231742
3642835
24745500
7046723
4051753
6560058
1295280
1401524
10598440
1293702
3104794
1307389
1293537
2072478
1295120
1295340
1473074
1295485
6771529
1296837
1299153
1301409
1292506
1299250
1292677
1294791
1305566
1293142
1478066
5157137
6539385
1293225
1300399
25728010
1298976
3406467
5286821
1299135
1306011
1401129
1293658
1295527
1294019
1300916
1297260
1306606
1308035
1785166
1305003
26252157
1299658
1507158
4844730
1308738
3199971
1293952
1301946
1297979
1292600
1300208
1296700
1302654
3154388
1303373
1306416
1908466
6890730
3412882
1306612
1945336
1978369
1302090
1308751
3036473
10746175
23788440
1298586
1307527
1294561
1849959
2132412
21263666
1304608
3114109
1298189
1947080
1293265
25881247
1309088
2160611
3012013
3319741
1302753
11499033
1307319
1296102
1295629
1307917
1307678
5968834
1422917
1294488
1294713
1475572
4206468
1292474
25731554
1306470
1849026
3057495
1305308
1308524
1968502
1304257
1303976
2988294
1301161
2136206
1297445
1298753
1301547
1304940
1438938
1308758
1308862
1921382
1292598
1293089
1308248
1440958
1304858
1418873
1466574
1292601
3025844
1307496
1300166
1298406
1304764
1304761
1958190
3317128
1303492
1295549
3660570
3578981
6874456
1297863
6082518
10763164
2223596
20326665
4133814
1418190
20257326
1298644
1419974
1422920
20443013
1298040
1297068
1394324
3026572
1306737
1293174
1293515
1299120
1308156
2265778
2038379
1296203
1292867
1326208
1308950
3176525
20399278
1306893
1417555
1416722
1305524
1304646
1401383
1304045
1293482
1307582
1308802
1304522
1295578
3154388
1303373
1306416
1908466
6890730
3412882
1306612
1945336
1978369
1302090
1308751
3036473
10746175
23788440
1298586
1307527
1294561
1849959
2132412
21263666
1304608
3114109
1298189
1947080
1293265
25881247
1309088
2160611
3012013
3319741
1302753
11499033
1307319
1296102
1295629
1307917
1307678
5968834
1422917
1294488
1294713
1475572
4206468
1292474
25731554
1306470
1849026
3057495
1305308
1308524
1968502
1304257
1303976
2988294
1301161
2136206
1297445
1298753
1301547
1304940
1438938
1308758
1308862
1921382
1292598
1293089
1308248
1440958
1304858
1418873
1466574
1292601
3025844
1307496
1300166
1298406
1304764
1304761
1958190
3317128
1303492
1295549
3660570
3578981
6874456
1297863
6082518
10763164
2223596
20326665
4133814
1418190
20257326
1298644
1419974
1422920
20443013
1298040
1297068
1394324
3026572
1306737
1293174
1293515
1299120
1308156
2265778
2038379
1296203
1292867
1326208
1308950
3176525
20399278
1306893
1417555
1416722
1305524
1304646
1401383
1304045
1293482
1307582
1308802
1304522
1295578
2136197
1303974
2136210
1295733
1306396
1472019
1866950
1302531
1306078
3894510
26301742
3804707
1302628
1297290
1941125
3557399
1295834
1302904
1308800
1304772
1304982
10533600
1293905
1297608
2129132
3071441
1306160
2132473
2153526
1819388
1401533
6846893
3312344
1303139
1300303
2010972
3642866
1296011
1293317
1296978
1366853
1297517
1308290
1308715
1299247
3011617
1297970
6886518
1296693
1297715
1292829
1304091
1307463
1304726
1292454
2131649
1298635
1296947
5446197
3262091
1438300
10563779
2035642
1302209
1895119
1295858
1472783
1293446
1292453
1937132
1294015
2136208
2136212
1298492
1300343
1294111
1416905
1298667
2136209
1297753
1295383
1300508
1295484
1298872
1456879
1530604
1751547
1298608
1304722
1301932
1308072
1305596
1297525
1305536
1292669
1307414
1298556
3610047
1859036
10741834
3771562
3066739
1835843
1297747
1792928
1308156
2265778
2038379
1296203
1292867
1326208
1308950
3176525
20399278
1306893
1417555
1416722
1305524
1304646
1401383
1304045
1293482
1307582
1308802
1304522
1295578
2136197
1303974
2136210
1295733
1306396
1472019
1866950
1302531
1306078
3894510
26301742
3804707
1302628
1297290
1941125
3557399
1295834
1302904
1308800
1304772
1304982
10533600
1293905
1297608
2129132
3071441
1306160
2132473
2153526
1819388
1401533
6846893
3312344
1303139
1300303
2010972
3642866
1296011
1293317
1296978
1366853
1297517
1308290
1308715
1299247
3011617
1297970
6886518
1296693
1297715
1292829
1304091
1307463
1304726
1292454
2131649
1298635
1296947
5446197
3262091
1438300
10563779
2035642
1302209
1895119
1295858
1472783
1293446
1292453
1937132
1294015
2136208
2136212
1298492
1300343
1294111
1416905
1298667
2136209
1297753
1295383
1300508
1295484
1298872
1456879
1530604
1751547
1298608
1304722
1301932
1308072
1305596
1297525
1305536
1292669
1307414
1298556
3610047
1859036
10741834
3771562
3066739
1835843
1297747
1792928
10344754
1308570
5502697
1482911
25786077
1793909
1607471
1309136
1428602
1307442
3024838
10766459
1299745
1299059
7916027
1937621
6738735
1294037
2264715
1297929
1295064
1303773
1306518
1440855
1305582
1294929
1309068
2970087
1428177
4323691
1296459
6015756
1293759
1493481
1292798
3238076
1461919
2081376
6425116
1297148
1419976
1293828
1303717
1293732
1292680
1929436
10792322
1308523
25753326
1306530
1759849
3446003
1436891
3166568
3988857
1298401
1292834
1295635
24876979
1417910
1950733
1300264
5155128
3582181
1295582
1666889
1293932
1797519
1304654
1776803
1295889
26301744
1304251
1304208
1301398
1461850
1304401
26302610
24404677
6011806
3569911
1298525
1293173
1395776
1305333
3718269
1304643
1298120
4146512
2158222
7065161
1300265
1309042
1293131
1929443
2091015
1303910
1295106
1300292
1306609
2074035
1414803
1298761
1292977
1296867
1456879
1530604
1751547
1298608
1304722
1301932
1308072
1305596
1297525
1305536
1292669
1307414
1298556
3610047
1859036
10741834
3771562
3066739
1835843
1297747
1792928
10344754
1308570
5502697
1482911
25786077
1793909
1607471
1309136
1428602
1307442
3024838
10766459
1299745
1299059
7916027
1937621
6738735
1294037
2264715
1297929
1295064
1303773
1306518
1440855
1305582
1294929
1309068
2970087
1428177
4323691
1296459
6015756
1293759
1493481
1292798
3238076
1461919
2081376
6425116
1297148
1419976
1293828
1303717
1293732
1292680
1929436
10792322
1308523
25753326
1306530
1759849
3446003
1436891
3166568
3988857
1298401
1292834
1295635
24876979
1417910
1950733
1300264
5155128
3582181
1295582
1666889
1293932
1797519
1304654
1776803
1295889
26301744
1304251
1304208
1301398
1461850
1304401
26302610
24404677
6011806
3569911
1298525
1293173
1395776
1305333
3718269
1304643
1298120
4146512
2158222
7065161
1300265
1309042
1293131
1929443
2091015
1303910
1295106
1300292
1306609
2074035
1414803
1298761
1292977
1296867
5919548
1902105
25785807
6558262
1305525
1301888
1293072
1962112
1307569
1305662
1296942
1482541
1300130
1550450
1300714
1294202
1292573
1293540
1292599
1297497
1292938
3168672
1293904
1305143
1337287
1303808
3749172
1793919
1292822
2383187
1296499
1451405
6889400
2037910
1316692
1298981
1302084
1303397
1303153
1295708
10355332
1293875
25773294
26599752
2363876
1307323
4924142
10833924
4301224
3279107
3813779
6040982
1418189
5323957
24753810
3338862
3006783
2044102
2080133
3018122
2256034
1325399
1295292
1308851
5028536
6053731
1306894
4156402
1428051
1308850
2028650
1308991
25798131
4301285
1306733
2027923
1308859
3158432
1297924
1294353
1294011
1307775
1299858
1865012
3009168
1296027
1298574
4603531
1436998
1294395
4830500
1301447
1296702
1296240
1422908
3073202
1297050
1292845
1474336
1303944
1304318
1299057
1297395
1304598
1304672
1305333
3718269
1304643
1298120
4146512
2158222
7065161
1300265
1309042
1293131
1929443
2091015
1303910
1295106
1300292
1306609
2074035
1414803
1298761
1292977
1296867
5919548
1902105
25785807
6558262
1305525
1301888
1293072
1962112
1307569
1305662
1296942
1482541
1300130
1550450
1300714
1294202
1292573
1293540
1292599
1297497
1292938
3168672
1293904
1305143
1337287
1303808
3749172
1793919
1292822
2383187
1296499
1451405
6889400
2037910
1316692
1298981
1302084
1303397
1303153
1295708
10355332
1293875
25773294
26599752
2363876
1307323
4924142
10833924
4301224
3279107
3813779
6040982
1418189
5323957
24753810
3338862
3006783
2044102
2080133
3018122
2256034
1325399
1295292
1308851
5028536
6053731
1306894
4156402
1428051
1308850
2028650
1308991
25798131
4301285
1306733
2027923
1308859
3158432
1297924
1294353
1294011
1307775
1299858
1865012
3009168
1296027
1298574
4603531
1436998
1294395
4830500
1301447
1296702
1296240
1422908
3073202
1297050
1292845
1474336
1303944
1304318
1299057
1297395
1304598
1304672
1294888
3562645
1293067
1295555
6080775
3179706
1949312
2049435
1947089
21349345
2257732
3895511
1866475
1585236
3402101
1292624
1917074
3011574
1304338
3736691
1972701
1308769
2132941
25809384
2993217
1972732
1294893
3072889
1308837
1994879
1301865
1301173
7065187
2133293
10546666
1305201
1292843
1308912
1427947
1295547
3011380
2301772
1294809
1304602
1773614
1306713
1295157
1433676
1419903
1303769
21264315
1498658
2364982
1306969
1306232
1294251
1299966
1294863
1292590
2980609
6876154
24742719
1295560
1300857
1294350
1293605
1294131
1422915
1292754
1292638
1300324
1293878
1296520
1470328
1304021
1417304
3436905
1299790
6001229
1293476
1298708
1298339
1306140
1463357
1307770
1293417
3066798
1297063
1304209
1308719
1758363
1304627
1939706
1300713
11598977
1304697
24879258
3388057
1463243
1940993
1293570
1299415
1301770
5972388
3009168
1296027
1298574
4603531
1436998
1294395
4830500
1301447
1296702
1296240
1422908
3073202
1297050
1292845
1474336
1303944
1304318
1299057
1297395
1304598
1304672
1294888
3562645
1293067
1295555
6080775
3179706
1949312
2049435
1947089
21349345
2257732
3895511
1866475
1585236
3402101
1292624
1917074
3011574
1304338
3736691
1972701
1308769
2132941
25809384
2993217
1972732
1294893
3072889
1308837
1994879
1301865
1301173
7065187
2133293
10546666
1305201
1292843
1308912
1427947
1295547
3011380
2301772
1294809
1304602
1773614
1306713
1295157
1433676
1419903
1303769
21264315
1498658
2364982
1306969
1306232
1294251
1299966
1294863
1292590
2980609
6876154
24742719
1295560
1300857
1294350
1293605
1294131
1422915
1292754
1292638
1300324
1293878
1296520
1470328
1304021
1417304
3436905
1299790
6001229
1293476
1298708
1298339
1306140
1463357
1307770
1293417
3066798
1297063
1304209
1308719
1758363
1304627
1939706
1300713
11598977
1304697
24879258
3388057
1463243
1940993
1293570
1299415
1301770
5972388
1302340
1303168
1862346
1292746
2189763
3258799
3592853
4212172
4896304
1329562
3279080
2359431
3001077
11610281
3606971
1410556
10540066
1293258
4035906
2037833
1295469
1873750
1428055
2974273
3205571
1400668
1305071
1473795
2062677
1309209
3302627
10833970
1295746
1300092
1299502
2364074
4079117
1419904
6021917
21977761
4079119
4043647
1299662
1293364
1305837
2041876
1467023
10555084
1301119
1307507
1295316
6557030
1308790
1410557
1300371
1304694
1309000
4922398
1298155
3136507
1864541
1293438
1440852
1302812
1302570
1296705
1297629
1293854
1305016
1295636
1302451
10748092
24827612
4838179
2127676
1293368
1292854
7564114
1300149
20275845
1308260
1293260
1299284
1305708
1306209
1304856
1432288
3012071
1308472
26323540
1299549
1301782
1305672
2135981
7054604
5996801
4942776
1306123
1866471
4133988
3742937
1441602
10810745
1652618
1300608
1307770
1293417
3066798
1297063
1304209
1308719
1758363
1304627
1939706
1300713
11598977
1304697
24879258
3388057
1463243
1940993
1293570
1299415
1301770
5972388
1302340
1303168
1862346
1292746
2189763
3258799
3592853
4212172
4896304
1329562
3279080
2359431
3001077
11610281
3606971
1410556
10540066
1293258
4035906
2037833
1295469
1873750
1428055
2974273
3205571
1400668
1305071
1473795
2062677
1309209
3302627
10833970
1295746
1300092
1299502
2364074
4079117
1419904
6021917
21977761
4079119
4043647
1299662
1293364
1305837
2041876
1467023
10555084
1301119
1307507
1295316
6557030
1308790
1410557
1300371
1304694
1309000
4922398
1298155
3136507
1864541
1293438
1440852
1302812
1302570
1296705
1297629
1293854
1305016
1295636
1302451
10748092
24827612
4838179
2127676
1293368
1292854
7564114
1300149
20275845
1308260
1293260
1299284
1305708
1306209
1304856
1432288
3012071
1308472
26323540
1299549
1301782
1305672
2135981
7054604
5996801
4942776
1306123
1866471
4133988
3742937
1441602
10810745
1652618
1300608
1418191
1949328
3103186
1460996
3990098
1293470
1294114
1307657
1304642
1308978
4301278
1300830
1792917
1309200
3811342
3227266
1295638
1307384
10774066
1370276
6890469
1400673
1297194
1294564
1871800
11525705
1308754
5151890
1301381
1308824
1419924
3696535
1408315
1294549
1408298
24756658
1302537
1294858
1293345
4264700
1871220
4901351
1294559
1293506
2079632
1304496
5395262
1297650
4133251
6835009
1292626
3077734
1296530
1297258
3069359
1295773
1293516
1300139
3594463
1897368
1304538
1441499
10777781
1302799
1298717
1304579
1794401
5967755
1301222
2134401
1306105
1915382
1417370
1306891
2042273
1295192
1297946
1784747
1946870
10755598
2129222
3291930
6991110
1309103
4154669
5977836
23034934
1307354
1310185
2081493
1297003
4319445
1306610
3775167
1308120
1308034
1307922
3282396
3231686
1299335
6080756
3170961
4074733
1308847
24702267
1306209
1304856
1432288
3012071
1308472
26323540
1299549
1301782
1305672
2135981
7054604
5996801
4942776
1306123
1866471
4133988
3742937
1441602
10810745
1652618
1300608
1418191
1949328
3103186
1460996
3990098
1293470
1294114
1307657
1304642
1308978
4301278
1300830
1792917
1309200
3811342
3227266
1295638
1307384
10774066
1370276
6890469
1400673
1297194
1294564
1871800
11525705
1308754
5151890
1301381
1308824
1419924
3696535
1408315
1294549
1408298
24756658
1302537
1294858
1293345
4264700
1871220
4901351
1294559
1293506
2079632
1304496
5395262
1297650
4133251
6835009
1292626
3077734
1296530
1297258
3069359
1295773
1293516
1300139
3594463
1897368
1304538
1441499
10777781
1302799
1298717
1304579
1794401
5967755
1301222
2134401
1306105
1915382
1417370
1306891
2042273
1295192
1297946
1784747
1946870
10755598
2129222
3291930
6991110
1309103
4154669
5977836
23034934
1307354
1310185
2081493
1297003
4319445
1306610
3775167
1308120
1308034
1307922
3282396
3231686
1299335
6080756
3170961
4074733
1308847
24702267
2027933
1307899
3213270
10441571
1867415
1309091
24879819
1306998
1296628
1297213
3769442
2141771
6874567
2008683
1309031
1300317
1308982
1308345
1428971
1293829
1865903
1304124
1930829
2054068
1304998
21937449
1295871
1306805
1295875
1940508
1298878
1293185
25723328
1304570
1295158
1301240
1293188
1293196
1300807
26306997
1302992
1340361
1292497
25942186
1861401
25856265
1300385
25872196
3412830
4822848
2138838
2063914
5908477
20388198
3217149
2997134
6424814
1946882
4301181
3074503
1307762
1482077
1307043
1309044
1306541
1464563
1308855
4917698
1422106
6875647
1302705
1296569
1304536
10793610
1302242
1307456
2359499
1307675
1293442
1305686
2170915
2032339
20503269
3391271
4915135
3279054
20451307
1296826
1302718
1826173
1958063
3156600
1901328
1293092
24746974
1306004
1480318
3731662
3072883
1294383
1292930
4819552
3005603
1294616
10577975
4154669
5977836
23034934
1307354
1310185
2081493
1297003
4319445
1306610
3775167
1308120
1308034
1307922
3282396
3231686
1299335
6080756
3170961
4074733
1308847
24702267
2027933
1307899
3213270
10441571
1867415
1309091
24879819
1306998
1296628
1297213
3769442
2141771
6874567
2008683
1309031
1300317
1308982
1308345
1428971
1293829
1865903
1304124
1930829
2054068
1304998
21937449
1295871
1306805
1295875
1940508
1298878
1293185
25723328
1304570
1295158
1301240
1293188
1293196
1300807
26306997
1302992
1340361
1292497
25942186
1861401
25856265
1300385
25872196
3412830
4822848
2138838
2063914
5908477
20388198
3217149
2997134
6424814
1946882
4301181
3074503
1307762
1482077
1307043
1309044
1306541
1464563
1308855
4917698
1422106
6875647
1302705
1296569
1304536
10793610
1302242
1307456
2359499
1307675
1293442
1305686
2170915
2032339
20503269
3391271
4915135
3279054
20451307
1296826
1302718
1826173
1958063
3156600
1901328
1293092
24746974
1306004
1480318
3731662
3072883
1294383
1292930
4819552
3005603
1294616
10577975
1293108
1917973
1915385
1293729
1293137
1294934
25815577
1295273
1294772
25889465
1308801
1293149
1307413
1293139
1293679
1782017
1304525
1439204
2338220
3703290
3364849
1296895
1294814
1982073
1304302
1299864
11506895
1292505
1308717
1293333
1300378
1293309
1293280
2255890
1305929
1305638
4901344
1298146
1465829
3041294
3077742
20277632
1985677
1584750
4312428
4830478
10743974
1300359
1294671
3154909
10047547
4326412
3387483
1418187
1866131
1299048
1297866
1507151
3652297
1308784
4723944
6893934
3346995
2364973
3725320
24307637
2063867
25819726
1308803
3012819
1302344
4745364
1917313
3569954
3443393
25912924
25721544
1303436
4297254
1293690
1309132
1294227
1307026
1292493
1307990
3878247
10467174
1292333
1300381
1293518
1295955
24743015
20452442
1298382
1306442
1302415
5924360
24522651
1300060
3727816
1309074
1299150
1293130
1304621
19974285
4915135
3279054
20451307
1296826
1302718
1826173
1958063
3156600
1901328
1293092
24746974
1306004
1480318
3731662
3072883
1294383
1292930
4819552
3005603
1294616
10577975
1293108
1917973
1915385
1293729
1293137
1294934
25815577
1295273
1294772
25889465
1308801
1293149
1307413
1293139
1293679
1782017
1304525
1439204
2338220
3703290
3364849
1296895
1294814
1982073
1304302
1299864
11506895
1292505
1308717
1293333
1300378
1293309
1293280
2255890
1305929
1305638
4901344
1298146
1465829
3041294
3077742
20277632
1985677
1584750
4312428
4830478
10743974
1300359
1294671
3154909
10047547
4326412
3387483
1418187
1866131
1299048
1297866
1507151
3652297
1308784
4723944
6893934
3346995
2364973
3725320
24307637
2063867
25819726
1308803
3012819
1302344
4745364
1917313
3569954
3443393
25912924
25721544
1303436
4297254
1293690
1309132
1294227
1307026
1292493
1307990
3878247
10467174
1292333
1300381
1293518
1295955
24743015
20452442
1298382
1306442
1302415
5924360
24522651
1300060
3727816
1309074
1299150
1293130
1304621
19974285
1307202
3586726
1296875
1305073
4859386
1438924
1308157
3882457
1400869
1304804
5908475
1307023
10726941
11620560
4116481
3824339
3606973
3267120
1308338
24695277
6873042
11601131
10487568
2130163
1308745
2278017
25775571
3699737
10794042
1308129
3008253
5151891
4005190
1309028
3882445
1296874
1996313
1951175
25717176
10604851
1301278
2973528
1303269
1482063
3887988
1308247
1853181
1419965
11639147
1299584
10747855
4847822
26356473
1303989
3008677
1305166
1432879
1297604
1304601
1306723
1293132
3736682
1295419
1300162
1877942
1304493
1845893
1295531
1307704
20427592
3158435
3718424
3179758
3792816
1393479
1455979
3231740
25838463
2222995
26289126
6811422
3148089
3082452
4301662
5151892
3238087
3156117
2301706
3718323
2147872
3993708
3673923
1309211
3011033
1482080
1892147
2075484
3569915
10543692
2028640
1950454
2075973
1939761
1309056
1295670
30 20
1307990
3878247
10467174
1292333
1300381
1293518
1295955
24743015
20452442
1298382
1306442
1302415
5924360
24522651
1300060
3727816
1309074
1299150
1293130
1304621
19974285
1307202
3586726
1296875
1305073
4859386
1438924
1308157
3882457
1400869
1304804
5908475
1307023
10726941
11620560
4116481
3824339
3606973
3267120
1308338
24695277
6873042
11601131
10487568
2130163
1308745
2278017
25775571
3699737
10794042
1308129
3008253
5151891
4005190
1309028
3882445
1296874
1996313
1951175
25717176
10604851
1301278
2973528
1303269
1482063
3887988
1308247
1853181
1419965
11639147
1299584
10747855
4847822
26356473
1303989
3008677
1305166
1432879
1297604
1304601
1306723
1293132
3736682
1295419
1300162
1877942
1304493
1845893
1295531
1307704
20427592
3158435
3718424
3179758
3792816
1393479
1455979
3231740
25838463
2222995
26289126
6811422
3148089
3082452
4301662
5151892
3238087
3156117
2301706
3718323
2147872
3993708
3673923
1309211
3011033
1482080
1892147
2075484
3569915
10543692
2028640
1950454
2075973
1939761
1309056
1295670
1308050
1304600
3287578
1304154
1305781
1309039
3305818
1305595
1294279
1947680
1419584
1304199
1892161
1299591
1306562
19945758
1461031
1395456
1304312
1293263
3025846
23035067
1786413
1298111
1299373
1301263
1294121
1427282
10432325
1304951
2080746
3754946
3041264
2131654
25823833
3262050
20515977
10573695
1304282
3264229
5319819
1305183
1918224
2083735
24718797
1294519
3157583
6714930
4058964
1870118
2271640
3047989
6790253
1436680
4189695
25763555
1307741
3008068
1304798
1302379
4328442
1301562
1293452
2992042
2972591
2132510
3573048
3642895
1308237
3417722
1298125
2337873
25762402
3074541
1293161
4925458
1298029
5294298
1477395
3011979
1304670
1308566
1296279
1293367
3290532
3614990
3212367
1302343
4218768
3546019
4097023
24987018
2364054
4824515
4082544
1308772
1946776
3002820
1305067
2028661
1947719
3395460
11531725
21350962
2359450
5151892
3238087
3156117
2301706
3718323
2147872
3993708
3673923
1309211
3011033
1482080
1892147
2075484
3569915
10543692
2028640
1950454
2075973
1939761
1309056
1295670
1308050
1304600
3287578
1304154
1305781
1309039
3305818
1305595
1294279
1947680
1419584
1304199
1892161
1299591
1306562
19945758
1461031
1395456
1304312
1293263
3025846
23035067
1786413
1298111
1299373
1301263
1294121
1427282
10432325
1304951
2080746
3754946
3041264
2131654
25823833
3262050
20515977
10573695
1304282
3264229
5319819
1305183
1918224
2083735
24718797
1294519
3157583
6714930
4058964
1870118
2271640
3047989
6790253
1436680
4189695
25763555
1307741
3008068
1304798
1302379
4328442
1301562
1293452
2992042
2972591
2132510
3573048
3642895
1308237
3417722
1298125
2337873
25762402
3074541
1293161
4925458
1298029
5294298
1477395
3011979
1304670
1308566
1296279
1293367
3290532
3614990
3212367
1302343
4218768
3546019
4097023
24987018
2364054
4824515
4082544
1308772
1946776
3002820
1305067
2028661
1947719
3395460
11531725
21350962
2359450
1297670
5337555
1295703
1298869
1295204
2024935
1819460
1482083
1308835
1322850
10572779
1302164
1298602
2968728
2269032
1493920
1301022
1295061
1295387
1887110
1304539
1790502
3929392
3068236
1293427
20515015
1301721
1810604
4717612
25740432
3011980
3892376
11625097
25858785
6533054
5996800
2147836
1307740
1401205
25794212
4014405
3002819
10440076
4134631
10604087
1578502
1308771
1308110
1295782
2049689
6972849
1419985
1298104
2969402
3256172
6435936
25800699
1297389
2980431
1950427
1308585
2038288
5158364
20379462
25980500
2244739
22049595
6307966
25749872
10738133
1419978
1929503
1303137
6041219
1752802
2359498
3284386
1305187
2052363
10345617
1305149
20266753
1478926
25995508
1940867
3014957
4051608
3131599
1364764
1433678
6959152
1307311
4308001
2210143
10342838
2058846
1779689
2159244
3008655
2255999
1388219
1293227
6878229
1303714
3290532
3614990
3212367
1302343
4218768
3546019
4097023
24987018
2364054
4824515
4082544
1308772
1946776
3002820
1305067
2028661
1947719
3395460
11531725
21350962
2359450
1297670
5337555
1295703
1298869
1295204
2024935
1819460
1482083
1308835
1322850
10572779
1302164
1298602
2968728
2269032
1493920
1301022
1295061
1295387
1887110
1304539
1790502
3929392
3068236
1293427
20515015
1301721
1810604
4717612
25740432
3011980
3892376
11625097
25858785
6533054
5996800
2147836
1307740
1401205
25794212
4014405
3002819
10440076
4134631
10604087
1578502
1308771
1308110
1295782
2049689
6972849
1419985
1298104
2969402
3256172
6435936
25800699
1297389
2980431
1950427
1308585
2038288
5158364
20379462
25980500
2244739
22049595
6307966
25749872
10738133
1419978
1929503
1303137
6041219
1752802
2359498
3284386
1305187
2052363
10345617
1305149
20266753
1478926
25995508
1940867
3014957
4051608
3131599
1364764
1433678
6959152
1307311
4308001
2210143
10342838
2058846
1779689
2159244
3008655
2255999
1388219
1293227
6878229
1303714
25884461
3293034
25806476
4117296
23010202
1304618
3660133
1301968
1434049
1984741
3816983
1418605
6532822
1926007
1307868
3148013
3326730
10439805
1449962
1309065
6875611
1308830
4058963
22266898
5158655
1899892
5327201
3733938
20388974
3001170
1307266
25829264
1899058
3406365
1420053
1440884
6828823
3017651
1307849
25837175
25792690
4320236
6041199
1302786
2117922
2297877
1308998
6428516
1293110
5250341
4915122
1811755
1433358
3804728
1970390
10757685
26277174
26306671
3073160
6437047
1298712
3161047
20441283
4902958
2364038
1449414
1296795
24879839
1997679
1308811
5154799
5327463
25444447
3077408
25709273
3990500
1299711
1962508
3735015
4126925
1474203
3401684
2082012
6875610
6529847
1482088
5154463
25827399
3151388
3562420
3148966
1922648
1307875
19899478
3072127
3091271
3604156
1293235
5152973
3439317
11639636
1939414
1439890
5355187
4707596
25995508
1940867
3014957
4051608
3131599
1364764
1433678
6959152
1307311
4308001
2210143
10342838
2058846
1779689
2159244
3008655
2255999
1388219
1293227
6878229
1303714
25884461
3293034
25806476
4117296
23010202
1304618
3660133
1301968
1434049
1984741
3816983
1418605
6532822
1926007
1307868
3148013
3326730
10439805
1449962
1309065
6875611
1308830
4058963
22266898
5158655
1899892
5327201
3733938
20388974
3001170
1307266
25829264
1899058
3406365
1420053
1440884
6828823
3017651
1307849
25837175
25792690
4320236
6041199
1302786
2117922
2297877
1308998
6428516
1293110
5250341
4915122
1811755
1433358
3804728
1970390
10757685
26277174
26306671
3073160
6437047
1298712
3161047
20441283
4902958
2364038
1449414
1296795
24879839
1997679
1308811
5154799
5327463
25444447
3077408
25709273
3990500
1299711
1962508
3735015
4126925
1474203
3401684
2082012
6875610
6529847
1482088
5154463
25827399
3151388
3562420
3148966
1922648
1307875
19899478
3072127
3091271
3604156
1293235
5152973
3439317
11639636
1939414
1439890
5355187
4707596
10508901
24872023
1303693
25746414
2298964
2132924
3230460
19975090
1304645
2998456
25833539
3182495
25780574
26590070
21666889
25945491
1947091
1306983
1307186
3680627
3006123
1793915
1858270
4154632
10486471
1960313
3217172
2049569
3014399
4301282
1972713
20431750
2212176
1307206
1301939
1499008
5256418
6866928
1308866
2983986
4861402
6799156
4023250
21943062
21357362
5151665
1308331
4290934
1793916
3804708
24697538
1297176
26351660
10801417
6124012
3582229
25713336
1940459
1422938
4881121
19908446
5167754
10440073
5157188
4821046
1917577
3280079
2363919
3450086
2132894
3160325
4826765
1306935
6793331
1951078
3212102
4942778
10604892
2997155
3212106
24859795
1758336
23398777
1794438
25824853
1304909
10829449
24856648
10604486
3736637
10604893
4237863
25778483
6984061
2979528
6873851
11601820
10758223
3182794
21765384
10545080
4323732
25908042
2994851
1921686
6529847
1482088
5154463
25827399
3151388
3562420
3148966
1922648
1307875
19899478
3072127
3091271
3604156
1293235
5152973
3439317
11639636
1939414
1439890
5355187
4707596
10508901
24872023
1303693
25746414
2298964
2132924
3230460
19975090
1304645
2998456
25833539
3182495
25780574
26590070
21666889
25945491
1947091
1306983
1307186
3680627
3006123
1793915
1858270
4154632
10486471
1960313
3217172
2049569
3014399
4301282
1972713
20431750
2212176
1307206
1301939
1499008
5256418
6866928
1308866
2983986
4861402
6799156
4023250
21943062
21357362
5151665
1308331
4290934
1793916
3804708
24697538
1297176
26351660
10801417
6124012
3582229
25713336
1940459
1422938
4881121
19908446
5167754
10440073
5157188
4821046
1917577
3280079
2363919
3450086
2132894
3160325
4826765
1306935
6793331
1951078
3212102
4942778
10604892
2997155
3212106
24859795
1758336
23398777
1794438
25824853
1304909
10829449
24856648
10604486
3736637
10604893
4237863
25778483
6984061
2979528
6873851
11601820
10758223
3182794
21765384
10545080
4323732
25908042
2994851
1921686
6890737
5910934
3539855
1428179
3778238
1441293
2567628
1419969
5194471
3892449
3304014
2988163
25823531
3011606
11226120
21372181
3874981
4919019
3824500
6957227
24530628
1299610
6396689
22556810
24827406
25713420
2996752
1851480
26005517
5317291
3829512
2137080
5150156
3558655
4014396
1457319
11606343
22555690
11604454
25886490
25962732
6068516
4707585
2009342
20253940
10828426
24530939
4807486
19976063
10048734
23126901
10807916
3305722
6957273
5355365
3596509
2998797
2417346
4118068
2310144
6013880
21324299
25758705
19977815
1418770
6973460
4824982
25715111
24525721
10569710
6849071
25864173
25852270
6221409
20515018
4892342
26285355
7056769
20284939
19966126
25723081
3026402
22964524
2130529
6999256
10756744
5364905
10793499
25756355
5337532
5285685
6999296
26430099
5948595