1292402
1401522
1301582
1303053
1291868
19955828
1295460
1828115
1296778
1394424
1298989
1291856
1291558
1296992
6827727
10792650
1297598
1292277
1302369
1297130
1291869
1292341
1294315
1300161
1304582
1302303
1300275
1308854
1296463
1310170
1401129
1303333
1302036
2043126
1300353
10792650
1297598
1292277
1302369
1297130
1291869
1292341
1294315
1300161
1304582
1302303
1300275
1308854
1296463
1310170
1401129
1303333
1302036
2043126
1300353
1305677
1291873
1305456
1292965
1296206
1299990
1303074
3448499
5360890
1306730
1308567
3431336
1300605
25947154
1304687
21339377
1306020
1302036
2043126
1300353
1305677
1291873
1305456
1292965
1296206
1299990
1303074
3448499
5360890
1306730
1308567
3431336
1300605
25947154
1304687
21339377
1306020
1294654
1303731
1466290
1463958
1305279
1828213
1309029
1299737
1306161
1298609
1302907
1389938
1475558
3926927
1305088
1303031
25947154
1304687
21339377
1306020
1294654
1303731
1466290
1463958
1305279
1828213
1309029
1299737
1306161
1298609
1302907
1389938
1475558
3926927
1305088
1303031
1307490
3040418
1870804
1302474
1301675
3790589
1761021
1294853
1299251
1301214
1306200
1301374
1301021
2993846
1316505
1759579
21594944
3926927
1305088
1303031
1307490
3040418
1870804
1302474
1301675
3790589
1761021
1294853
1299251
1301214
1306200
1301374
1301021
2993846
1316505
1759579
21594944
1438279
1292790
1296935
1307829
3564292
1298647
1437678
1297320
1292682
1306523
1302698
1799000
1307770
1401223
1419983
20515071
2993846
1316505
1759579
21594944
1438279
1292790
1296935
1307829
3564292
1298647
1437678
1297320
1292682
1306523
1302698
1799000
1307770
1401223
1419983
20515071
1308988
1316563
1299698
3319776
4883425
1296579
1304915
4995665
1307597
1308419
1482349
3714084
1307072
1532205
1463033
1308810
3148068
1401223
1419983
20515071
1308988
1316563
1299698
3319776
4883425
1296579
1304915
4995665
1307597
1308419
1482349
3714084
1307072
1532205
1463033
1308810
3148068
1307695
5332266
1296869
4859384
2001298
1461207
1483705
1303457
1306583
1300899
1308525
1459804
1308077
1305726
14016168
1433797
1532205
1463033
1308810
3148068
1307695
5332266
1296869
4859384
2001298
1461207
1483705
1303457
1306583
1300899
1308525
1459804
1308077
1305726
14016168
1433797
1302013
24860410
1752832
4236014
1476913
3801357
2134308
3818949
1306608
10567361
1305871
1966464
6869395
1304900
3008892
25823840
1303751
1305726
14016168
1433797
1302013
24860410
1752832
4236014
1476913
3801357
2134308
3818949
1306608
10567361
1305871
1966464
6869395
1304900
3008892
25823840
1303751
1395357
1421275
1436868
1299348
25933898
1449776
3699947
1301403
1437622
1298052
1437275
4819552
1476926
5202353
1440363
3757343
55 45
1304900
3008892
25823840
1303751
1395357
1421275
1436868
1299348
25933898
1449776
3699947
1301403
1437622
1298052
1437275
4819552
1476926
5202353
1440363
3757343
3794184
3163495
25700838
1300291
1306632
2032459
1790418
1418623
1437623
1875985
1417076
3735925
1806426
11639245
4859386
1307223
1308688
5202353
1440363
3757343
3794184
3163495
25700838
1300291
1306632
2032459
1790418
1418623
1437623
1875985
1417076
3735925
1806426
11639245
4859386
1307223
1308688
4227486
1466261
4808545
3871526
1308451
1307941
1301042
1531733
3779111
3987608
3783965
3757268
4328069
4925924
1293691
1305060
11639245
4859386
1307223
1308688
4227486
1466261
4808545
3871526
1308451
1307941
1301042
1531733
3779111
3987608
3783965
3757268
4328069
4925924
1293691
1305060
1325005
3765673
3920055
11639538
1762665
1308556
3713675
2382762
1850721
1300864
1301823
1299265
3757150
1294612
2134330
1459807
11584182
4925924
1293691
1305060
1325005
3765673
3920055
11639538
1762665
1308556
3713675
2382762
1850721
1300864
1301823
1299265
3757150
1294612
2134330
1459807
11584182
1306786
5352670
5326561
24529254
1307819
4798779
4059243
1424655
1481856
3706530
2343692
10752040
4091908
2156064
4817018
4856162
1294612
2134330
1459807
11584182
1306786
5352670
5326561
24529254
1307819
4798779
4059243
1424655
1481856
3706530
2343692
10752040
4091908
2156064
4817018
4856162
10508874
6886471
1307047
20256487
3771089
4227664
1866061
3716874
20379444
1304058
1812714
1418270
3837495
1308496
1440208
3750513
3743168
2156064
4817018
4856162
10508874
6886471
1307047
20256487
3771089
4227664
1866061
3716874
20379444
1304058
1812714
1418270
3837495
1308496
1440208
3750513
3743168
10468393
2973634
4889564
1304486
3126138
19997950
25853729
11531189
4918505
6383557
3268192
6900094
3730742
1308190
3742949
26235707
1308496
1440208
3750513
3743168
10468393
2973634
4889564
1304486
3126138
19997950
25853729
11531189
4918505
6383557
3268192
6900094
3730742
1308190
3742949
26235707
3993263
1298230
2134278
3763243
3838294
1316694
1442740
3003192
26366634
25716087
4193339
20495848
4275580
10744758
3932719
3755289
1818543
1308190
3742949
26235707
3993263
1298230
2134278
3763243
3838294
1316694
1442740
3003192
26366634
25716087
4193339
20495848
4275580
10744758
3932719
3755289
1818543
1741976
24840488
6114876
4860757
4858343
10744833
11540750
4853410
25732516
25977083
20501157
4707528
7154430
26279166
24858573
26285780
10744758
3932719
3755289
1818543
1741976
24840488
6114876
4860757
4858343
10744833
11540750
4853410
25732516
25977083
20501157
4707528
7154430
26279166
24858573
26285780
4721276
24294773
6796160
22556008
5989846
26378296
25986178
25769969
11606343
5267375
25853739
25875084
25761135
4073764
10743802
26354096
25993067
26279166
24858573
26285780
4721276
24294773
6796160
22556008
5989846
26378296
25986178
25769969
11606343
5267375
25853739
25875084
25761135
4073764
10743802
26354096
25993067
10574162
25788667
20280326
11504455
6307268
20433454
20411136
25716603
24878091
25702949
25748605
25795316
25801053
6130488