1835118
3793023
1787291
1294408
1293460
1301753
1301169
1296282
1295428
1305158
1307708
1298517
3408170
1303060
1307697
1292737
1767709
1464349
1293529
1303106
1300858
1304412
1291562
1291564
1306769
1310178
1422912
3408170
1303060
1307697
1292737
1767709
1464349
1293529
1303106
1300858
1304412
1291562
1291564
1306769
1310178
1422912
1292658
1291865
1303061
1308503
1818751
1438081
1307425
1457435
1298670
1308406
1299037
1828403
1306769
1310178
1422912
1292658
1291865
1303061
1308503
1818751
1438081
1307425
1457435
1298670
1308406
1299037
1828403
1300891
1299212
1297131
1297995
1293120
1308010
1294689
1293175
1292533
1301898
1304558
1293168
1308406
1299037
1828403
1300891
1299212
1297131
1297995
1293120
1308010
1294689
1293175
1292533
1301898
1304558
1293168
1919626
1297476
1308639
1294885
1297615
1309060
1863766
1294461
1292625
1296684
1293094
1293219
1304527
1304558
1293168
1919626
1297476
1308639
1294885
1297615
1309060
1863766
1294461
1292625
1296684
1293094
1293219
1304527
1293493
3260445
1959001
1850003
1297756
1297965
1299513
1291587
1292050
1304603
2059819
1304985
75 65
1293094
1293219
1304527
1293493
3260445
1959001
1850003
1297756
1297965
1299513
1291587
1292050
1304603
2059819
1304985
1301648
2150780
1304641
1297110
3718273
1451563
1301646
1308208
1293849
2081429
2144258
1293424
1295427
2059819
1304985
1301648
2150780
1304641
1297110
3718273
1451563
1301646
1308208
1293849
2081429
2144258
1293424
1295427
1307015
1304230
1293551
3451746
1757927
1293600
1499662
6829216
1299292
1945797
1299800
1307991
2144258
1293424
1295427
1307015
1304230
1293551
3451746
1757927
1293600
1499662
6829216
1299292
1945797
1299800
1307991
1437857
3329731
1293209
1294244
1438274
1295619
1306624
1820145
1301757
1301342
1792922
1295804
1945797
1299800
1307991
1437857
3329731
1293209
1294244
1438274
1295619
1306624
1820145
1301757
1301342
1792922
1295804
1295225
1796085
3349190
1293426
1917777
2254631
2125096
1306337
1292878
1297453
1779354
1856886
1771244
1792922
1295804
1295225
1796085
3349190
1293426
1917777
2254631
2125096
1306337
1292878
1297453
1779354
1856886
1771244
1294749
1295445
1432882
1418070
3012032
1301538
1295368
11534089
1299523
1299097
1309090
3055715
50 40
1779354
1856886
1771244
1294749
1295445
1432882
1418070
3012032
1301538
1295368
11534089
1299523
1299097
1309090
3055715
1296419
1294874
1292559
1295939
1754975
2054024
2056653
1299135
1295348
1300201
26258752
1300993
19984570
1309090
3055715
1296419
1294874
1292559
1295939
1754975
2054024
2056653
1299135
1295348
1300201
26258752
1300993
19984570
1420044
1293215
1306803
1308432
1293594
1292855
2256976
21360412
20497905
3226855
1293074
1432781
26258752
1300993
19984570
1420044
1293215
1306803
1308432
1293594
1292855
2256976
21360412
20497905
3226855
1293074
1432781
1295212
1946867
1297128
1870682
2982191
1304713
5972036
1306875
1293528
2255576
1301656
1807600
3226855
1293074
1432781
1295212
1946867
1297128
1870682
2982191
1304713
5972036
1306875
1293528
2255576
1301656
1807600
1467082
1949005
3626364
1316522
1295829
1298113
1304737
1304289
1303454
1971111
1298213
1293117
1301118
1301656
1807600
1467082
1949005
3626364
1316522
1295829
1298113
1304737
1304289
1303454
1971111
1298213
1293117
1301118
2298983
1298127
1297006
1296403
1296295
1401600
1479817
3095684
1303153
1889175
1307326
2143661
1298213
1293117
1301118
2298983
1298127
1297006
1296403
1296295
1401600
1479817
3095684
1303153
1889175
1307326
2143661
10833924
4924694
2257759
3007780
3775163
6126445
26662225
2969577
22992443
10531415
24700079
1401907
1308988
1307326
2143661
10833924
4924694
2257759
3007780
3775163
6126445
26662225
2969577
22992443
10531415
24700079
1401907
1308988
1395545
1309093
1293370
1422916
1958633
3101985
1303218
6558257
1424284
1292868
3096161
6874567
24700079
1401907
1308988
1395545
1309093
1293370
1422916
1958633
3101985
1303218
6558257
1424284
1292868
3096161
6874567
6843243
1304550
20502341
4111473
1292670
2082394
1298346
11776289
25782827
1921356
3095510
3573048
1292868
3096161
6874567
6843243
1304550
20502341
4111473
1292670
2082394
1298346
11776289
25782827
1921356
3095510
3573048
6009994
2244739
4223304
1426819
3326747
23010202
3804734
1419962
21361076
6963575
4173292