1291549
1303021
1299361
1418076
2361040
4848115
1292925
1467748
2310047
3080904
3097520
1790587
2082176
1301169
1292925
1467748
2310047
3080904
3097520
1790587
2082176
1301169
1298340
2972580
1291579
3157605
1292056
1394488
1301169
1298340
2972580
1291579
3157605
1292056
1394488
2028659
2135039
3287562
1771288
1970437
1873359
1297102
1394488
2028659
2135039
3287562
1771288
1970437
1873359
1297102
10467774
6001038
5446283
7055665
5360889
1482691
1873359
1297102
10467774
6001038
5446283
7055665
5360889
1482691
3193264
3769466
1772702
6441532
1769048
1309002
1482692
1482691
3193264
3769466
1772702
6441532
1769048
1309002
1482692
11502154
4071781
1815504
3161007
3036469
2068188
1309002
1482692
11502154
4071781
1815504
3161007
3036469
2068188
3041483
3418557
2405664
3003234
4812830
1461964
2068188
3041483
3418557
2405664
3003234
4812830
1461964
1432509
1951163
11537965
11537964
2372541
1461181
21350559
1461964
1432509
1951163
11537965
11537964
2372541
1461181
21350559
1528848
1482688
6712720
1297564
3660786
20388613
1461181
21350559
1528848
1482688
6712720
1297564
3660786
20388613
3724056
2028677
1440283
3230949
1578674
2305321
1461985
20388613
3724056
2028677
1440283
3230949
1578674
2305321
1461985
7152891
25882279
1298022
2006926
2030734
3582223
2305321
1461985
7152891
25882279
1298022
2006926
2030734
3582223
5997849
1482869
1484675
1473082
6087770
3024072
3582223
5997849
1482869
1484675
1473082
6087770
3024072
4764321
4082101
2270501
6789721
1419904
2230934
1419661
3024072
4764321
4082101
2270501
6789721
1419904
2230934
1419661
2130046
1938923
20416699
5503303
3356338
3101989
2230934
1419661
2130046
1938923
20416699
5503303
3356338
3101989
10569022
25785314
24913189
1963568
3578715
6389522
7056398
3101989
10569022
25785314
24913189
1963568
3578715
6389522
7056398
26268610
10599639
3892235
5384872
10727042
23249761
6389522
7056398
26268610
10599639
3892235
5384872
10727042
23249761
2567628
25951736
25966045
25845586
24325876
3737278
23249761
2567628
25951736
25966045
25845586
24325876
3737278
19977815
26318077
20369263
26379074
4913184
24706750
26384719
3737278
19977815
26318077
20369263
26379074
4913184
24706750
26384719
19977818
25745849
20429112
21323597
26628447